++
//////////////////..... Start.. Graph//////////
(0,0)...= { ,(1,0) ,(2,0) ,(3,0) ,(4,0) ,(8,0) ,(12,0) ,(5,0)  }
(1,0)...= { ,(0,0) ,(2,0) ,(3,0) ,(5,0) ,(9,0) ,(13,0) ,(4,0)  }
(2,0)...= { ,(0,0) ,(1,0) ,(3,0) ,(6,0) ,(10,0) ,(14,0) ,(7,0)  }
(3,0)...= { ,(0,0) ,(1,0) ,(2,0) ,(7,0) ,(11,0) ,(15,0) ,(6,0)  }
(4,0)...= { ,(0,0) ,(5,0) ,(6,0) ,(7,0) ,(8,0) ,(12,0) ,(1,0)  }
(5,0)...= { ,(1,0) ,(4,0) ,(6,0) ,(7,0) ,(9,0) ,(13,0) ,(0,0)  }
(6,0)...= { ,(2,0) ,(4,0) ,(5,0) ,(7,0) ,(10,0) ,(14,0) ,(3,0)  }
(7,0)...= { ,(3,0) ,(4,0) ,(5,0) ,(6,0) ,(11,0) ,(15,0) ,(2,0)  }
(8,0)...= { ,(0,0) ,(4,0) ,(9,0) ,(10,0) ,(11,0) ,(12,0) ,(13,0)  }
(9,0)...= { ,(1,0) ,(5,0) ,(8,0) ,(10,0) ,(11,0) ,(13,0) ,(12,0)  }
(10,0)...= { ,(2,0) ,(6,0) ,(8,0) ,(9,0) ,(11,0) ,(14,0) ,(15,0)  }
(11,0)...= { ,(3,0) ,(7,0) ,(8,0) ,(9,0) ,(10,0) ,(15,0) ,(14,0)  }
(12,0)...= { ,(0,0) ,(4,0) ,(8,0) ,(13,0) ,(14,0) ,(15,0) ,(9,0)  }
(13,0)...= { ,(1,0) ,(5,0) ,(9,0) ,(12,0) ,(14,0) ,(15,0) ,(8,0)  }
(14,0)...= { ,(2,0) ,(6,0) ,(10,0) ,(12,0) ,(13,0) ,(15,0) ,(11,0)  }
(15,0)...= { ,(3,0) ,(7,0) ,(11,0) ,(12,0) ,(13,0) ,(14,0) ,(10,0)  }
 ////////////.....End.....  Graph//////////
++
//////////////////..... Start.. //////////
3 1 0 0 
0 2 0 1 
0 0 0 0 
1 0 0 0 
 ////////////.....End.....  //////////
//////////////////..... Start.. //////////
3 1 0 0 
0 2 3 1 
0 0 0 0 
1 0 0 0 
 ////////////.....End.....  //////////
//////////////////..... Start.. //////////
3 1 0 0 
0 2 3 1 
0 3 0 0 
1 0 0 0 
 ////////////.....End.....  //////////
//////////////////..... Start.. //////////
3 1 0 0 
0 2 3 1 
0 3 0 0 
1 0 0 2 
 ////////////.....End.....  //////////
//////////////////..... Start.. //////////
3 1 0 0 
0 2 3 1 
0 3 0 0 
1 4 0 2 
 ////////////.....End.....  //////////
//////////////////..... Start.. //////////
3 1 4 0 
0 2 3 1 
0 3 0 4 
1 4 0 2 
 ////////////.....End.....  //////////
//////////////////..... Start.. //////////
3 1 4 0 
0 2 3 1 
0 3 0 4 
1 4 0 2 
 ////////////.....End.....  //////////
//////////////////..... Start.. //////////
3 1 4 0 
0 2 3 1 
0 3 0 4 
1 4 0 2 
 ////////////.....End.....  //////////
++
//////////////////..... Start.. Graph//////////
(0,0)...= { ,(1,0) ,(2,0) ,(3,0) ,(4,0) ,(8,0) ,(12,0) ,(5,0)  }
(1,0)...= { ,(0,0) ,(2,0) ,(3,0) ,(5,0) ,(9,0) ,(13,0) ,(4,0)  }
(2,0)...= { ,(0,0) ,(1,0) ,(3,0) ,(6,0) ,(10,0) ,(14,0) ,(7,0)  }
(3,0)...= { ,(0,0) ,(1,0) ,(2,0) ,(7,0) ,(11,0) ,(15,0) ,(6,0)  }
(4,0)...= { ,(0,0) ,(5,0) ,(6,0) ,(7,0) ,(8,0) ,(12,0) ,(1,0)  }
(5,0)...= { ,(1,0) ,(4,0) ,(6,0) ,(7,0) ,(9,0) ,(13,0) ,(0,0)  }
(6,0)...= { ,(2,0) ,(4,0) ,(5,0) ,(7,0) ,(10,0) ,(14,0) ,(3,0)  }
(7,0)...= { ,(3,0) ,(4,0) ,(5,0) ,(6,0) ,(11,0) ,(15,0) ,(2,0)  }
(8,0)...= { ,(0,0) ,(4,0) ,(9,0) ,(10,0) ,(11,0) ,(12,0) ,(13,0)  }
(9,0)...= { ,(1,0) ,(5,0) ,(8,0) ,(10,0) ,(11,0) ,(13,0) ,(12,0)  }
(10,0)...= { ,(2,0) ,(6,0) ,(8,0) ,(9,0) ,(11,0) ,(14,0) ,(15,0)  }
(11,0)...= { ,(3,0) ,(7,0) ,(8,0) ,(9,0) ,(10,0) ,(15,0) ,(14,0)  }
(12,0)...= { ,(0,0) ,(4,0) ,(8,0) ,(13,0) ,(14,0) ,(15,0) ,(9,0)  }
(13,0)...= { ,(1,0) ,(5,0) ,(9,0) ,(12,0) ,(14,0) ,(15,0) ,(8,0)  }
(14,0)...= { ,(2,0) ,(6,0) ,(10,0) ,(12,0) ,(13,0) ,(15,0) ,(11,0)  }
(15,0)...= { ,(3,0) ,(7,0) ,(11,0) ,(12,0) ,(13,0) ,(14,0) ,(10,0)  }
 ////////////.....End.....  Graph//////////
++
//////////////////..... Start.. //////////
3 1 0 0 
0 2 0 1 
0 0 0 0 
1 0 0 0 
 ////////////.....End.....  //////////
//////////////////..... Start.. //////////
3 1 0 0 
0 2 3 1 
0 0 0 0 
1 0 0 0 
 ////////////.....End.....  //////////
//////////////////..... Start.. //////////
3 1 0 0 
0 2 3 1 
0 3 0 0 
1 0 0 0 
 ////////////.....End.....  //////////
//////////////////..... Start.. //////////
3 1 0 0 
0 2 3 1 
0 3 0 0 
1 0 0 2 
 ////////////.....End.....  //////////
//////////////////..... Start.. //////////
3 1 0 0 
0 2 3 1 
0 3 0 0 
1 4 0 2 
 ////////////.....End.....  //////////
//////////////////..... Start.. //////////
3 1 4 0 
0 2 3 1 
0 3 0 4 
1 4 0 2 
 ////////////.....End.....  //////////
//////////////////..... Start.. //////////
3 1 4 0 
0 2 3 1 
0 3 0 4 
1 4 0 2 
 ////////////.....End.....  //////////
//////////////////..... Start.. //////////
3 1 4 0 
0 2 3 1 
0 3 0 4 
1 4 0 2 
 ////////////.....End.....  //////////
++
//////////////////..... Start.. Graph//////////
(0,0)...= { ,(1,0) ,(2,0) ,(3,0) ,(4,0) ,(8,0) ,(12,0) ,(5,0)  }
(1,0)...= { ,(0,0) ,(2,0) ,(3,0) ,(5,0) ,(9,0) ,(13,0) ,(4,0)  }
(2,0)...= { ,(0,0) ,(1,0) ,(3,0) ,(6,0) ,(10,0) ,(14,0) ,(7,0)  }
(3,0)...= { ,(0,0) ,(1,0) ,(2,0) ,(7,0) ,(11,0) ,(15,0) ,(6,0)  }
(4,0)...= { ,(0,0) ,(5,0) ,(6,0) ,(7,0) ,(8,0) ,(12,0) ,(1,0)  }
(5,0)...= { ,(1,0) ,(4,0) ,(6,0) ,(7,0) ,(9,0) ,(13,0) ,(0,0)  }
(6,0)...= { ,(2,0) ,(4,0) ,(5,0) ,(7,0) ,(10,0) ,(14,0) ,(3,0)  }
(7,0)...= { ,(3,0) ,(4,0) ,(5,0) ,(6,0) ,(11,0) ,(15,0) ,(2,0)  }
(8,0)...= { ,(0,0) ,(4,0) ,(9,0) ,(10,0) ,(11,0) ,(12,0) ,(13,0)  }
(9,0)...= { ,(1,0) ,(5,0) ,(8,0) ,(10,0) ,(11,0) ,(13,0) ,(12,0)  }
(10,0)...= { ,(2,0) ,(6,0) ,(8,0) ,(9,0) ,(11,0) ,(14,0) ,(15,0)  }
(11,0)...= { ,(3,0) ,(7,0) ,(8,0) ,(9,0) ,(10,0) ,(15,0) ,(14,0)  }
(12,0)...= { ,(0,0) ,(4,0) ,(8,0) ,(13,0) ,(14,0) ,(15,0) ,(9,0)  }
(13,0)...= { ,(1,0) ,(5,0) ,(9,0) ,(12,0) ,(14,0) ,(15,0) ,(8,0)  }
(14,0)...= { ,(2,0) ,(6,0) ,(10,0) ,(12,0) ,(13,0) ,(15,0) ,(11,0)  }
(15,0)...= { ,(3,0) ,(7,0) ,(11,0) ,(12,0) ,(13,0) ,(14,0) ,(10,0)  }
 ////////////.....End.....  Graph//////////
++
//////////////////..... Start.. //////////
0 1 0 0 
0 2 0 1 
2 0 0 0 
1 0 2 0 
 ////////////.....End.....  //////////
//////////////////..... Start.. //////////
0 1 0 3 
3 2 0 1 
2 0 3 0 
1 0 2 0 
 ////////////.....End.....  //////////
//////////////////..... Start.. //////////
0 1 4 3 
3 2 0 1 
2 0 3 4 
1 0 2 0 
 ////////////.....End.....  //////////
//////////////////..... Start.. //////////
0 1 4 3 
3 2 0 1 
2 0 3 4 
1 3 2 0 
 ////////////.....End.....  //////////
//////////////////..... Start.. //////////
0 1 4 3 
3 2 0 1 
2 0 3 4 
1 3 2 0 
 ////////////.....End.....  //////////
//////////////////..... Start.. //////////
0 1 4 3 
3 2 0 1 
2 0 3 4 
1 3 2 0 
 ////////////.....End.....  //////////
//////////////////..... Start.. //////////
0 1 4 3 
3 2 0 1 
2 0 3 4 
1 3 2 0 
 ////////////.....End.....  //////////
//////////////////..... Start.. //////////
0 1 4 3 
3 2 0 1 
2 0 3 4 
1 3 2 0 
 ////////////.....End.....  //////////
++
//////////////////..... Start.. Graph//////////
(0,0)...= { ,(1,0) ,(2,0) ,(3,0) ,(4,0) ,(8,0) ,(12,0) ,(5,0)  }
(1,0)...= { ,(0,0) ,(2,0) ,(3,0) ,(5,0) ,(9,0) ,(13,0) ,(4,0)  }
(2,0)...= { ,(0,0) ,(1,0) ,(3,0) ,(6,0) ,(10,0) ,(14,0) ,(7,0)  }
(3,0)...= { ,(0,0) ,(1,0) ,(2,0) ,(7,0) ,(11,0) ,(15,0) ,(6,0)  }
(4,0)...= { ,(0,0) ,(5,0) ,(6,0) ,(7,0) ,(8,0) ,(12,0) ,(1,0)  }
(5,0)...= { ,(1,0) ,(4,0) ,(6,0) ,(7,0) ,(9,0) ,(13,0) ,(0,0)  }
(6,0)...= { ,(2,0) ,(4,0) ,(5,0) ,(7,0) ,(10,0) ,(14,0) ,(3,0)  }
(7,0)...= { ,(3,0) ,(4,0) ,(5,0) ,(6,0) ,(11,0) ,(15,0) ,(2,0)  }
(8,0)...= { ,(0,0) ,(4,0) ,(9,0) ,(10,0) ,(11,0) ,(12,0) ,(13,0)  }
(9,0)...= { ,(1,0) ,(5,0) ,(8,0) ,(10,0) ,(11,0) ,(13,0) ,(12,0)  }
(10,0)...= { ,(2,0) ,(6,0) ,(8,0) ,(9,0) ,(11,0) ,(14,0) ,(15,0)  }
(11,0)...= { ,(3,0) ,(7,0) ,(8,0) ,(9,0) ,(10,0) ,(15,0) ,(14,0)  }
(12,0)...= { ,(0,0) ,(4,0) ,(8,0) ,(13,0) ,(14,0) ,(15,0) ,(9,0)  }
(13,0)...= { ,(1,0) ,(5,0) ,(9,0) ,(12,0) ,(14,0) ,(15,0) ,(8,0)  }
(14,0)...= { ,(2,0) ,(6,0) ,(10,0) ,(12,0) ,(13,0) ,(15,0) ,(11,0)  }
(15,0)...= { ,(3,0) ,(7,0) ,(11,0) ,(12,0) ,(13,0) ,(14,0) ,(10,0)  }
 ////////////.....End.....  Graph//////////
++
//////////////////..... Start.. //////////
0 1 0 0 
0 2 0 1 
2 0 0 0 
1 0 2 0 
 ////////////.....End.....  //////////
//////////////////..... Start.. //////////
0 1 0 3 
3 2 0 1 
2 0 3 0 
1 0 2 0 
 ////////////.....End.....  //////////
//////////////////..... Start.. //////////
0 1 4 3 
3 2 0 1 
2 0 3 4 
1 0 2 0 
 ////////////.....End.....  //////////
//////////////////..... Start.. //////////
0 1 4 3 
3 2 0 1 
2 0 3 4 
1 3 2 0 
 ////////////.....End.....  //////////
//////////////////..... Start.. //////////
0 1 4 3 
3 2 0 1 
2 0 3 4 
1 3 2 0 
 ////////////.....End.....  //////////
//////////////////..... Start.. //////////
0 1 4 3 
3 2 0 1 
2 0 3 4 
1 3 2 0 
 ////////////.....End.....  //////////
//////////////////..... Start.. //////////
0 1 4 3 
3 2 0 1 
2 0 3 4 
1 3 2 0 
 ////////////.....End.....  //////////
//////////////////..... Start.. //////////
0 1 4 3 
3 2 0 1 
2 0 3 4 
1 3 2 0 
 ////////////.....End.....  //////////
++
//////////////////..... Start.. Graph//////////
(0,1)...= { ,(1,2) ,(2,3) ,(3,4) ,(4,0) ,(8,0) ,(12,0) ,(5,0)  }
(1,2)...= { ,(0,1) ,(2,3) ,(3,4) ,(5,0) ,(9,0) ,(13,0) ,(4,0)  }
(2,3)...= { ,(0,1) ,(1,2) ,(3,4) ,(6,0) ,(10,0) ,(14,0) ,(7,0)  }
(3,4)...= { ,(0,1) ,(1,2) ,(2,3) ,(7,0) ,(11,0) ,(15,0) ,(6,0)  }
(4,0)...= { ,(0,1) ,(5,0) ,(6,0) ,(7,0) ,(8,0) ,(12,0) ,(1,2)  }
(5,0)...= { ,(1,2) ,(4,0) ,(6,0) ,(7,0) ,(9,0) ,(13,0) ,(0,1)  }
(6,0)...= { ,(2,3) ,(4,0) ,(5,0) ,(7,0) ,(10,0) ,(14,0) ,(3,4)  }
(7,0)...= { ,(3,4) ,(4,0) ,(5,0) ,(6,0) ,(11,0) ,(15,0) ,(2,3)  }
(8,0)...= { ,(0,1) ,(4,0) ,(9,0) ,(10,0) ,(11,0) ,(12,0) ,(13,0)  }
(9,0)...= { ,(1,2) ,(5,0) ,(8,0) ,(10,0) ,(11,0) ,(13,0) ,(12,0)  }
(10,0)...= { ,(2,3) ,(6,0) ,(8,0) ,(9,0) ,(11,0) ,(14,0) ,(15,0)  }
(11,0)...= { ,(3,4) ,(7,0) ,(8,0) ,(9,0) ,(10,0) ,(15,0) ,(14,0)  }
(12,0)...= { ,(0,1) ,(4,0) ,(8,0) ,(13,0) ,(14,0) ,(15,0) ,(9,0)  }
(13,0)...= { ,(1,2) ,(5,0) ,(9,0) ,(12,0) ,(14,0) ,(15,0) ,(8,0)  }
(14,0)...= { ,(2,3) ,(6,0) ,(10,0) ,(12,0) ,(13,0) ,(15,0) ,(11,0)  }
(15,0)...= { ,(3,4) ,(7,0) ,(11,0) ,(12,0) ,(13,0) ,(14,0) ,(10,0)  }
 ////////////.....End.....  Graph//////////
++
//////////////////..... Start.. //////////
1 2 3 4 
0 3 0 0 
2 0 0 0 
0 0 2 0 
 ////////////.....End.....  //////////
//////////////////..... Start.. //////////
1 2 3 4 
4 3 0 0 
2 0 4 0 
0 0 2 0 
 ////////////.....End.....  //////////
//////////////////..... Start.. //////////
1 2 3 4 
4 3 0 0 
2 0 4 3 
0 0 2 0 
 ////////////.....End.....  //////////
//////////////////..... Start.. //////////
1 2 3 4 
4 3 0 0 
2 0 4 3 
0 1 2 0 
 ////////////.....End.....  //////////
//////////////////..... Start.. //////////
1 2 3 4 
4 3 0 0 
2 0 4 3 
0 1 2 0 
 ////////////.....End.....  //////////
//////////////////..... Start.. //////////
1 2 3 4 
4 3 0 0 
2 0 4 3 
0 1 2 0 
 ////////////.....End.....  //////////
//////////////////..... Start.. //////////
1 2 3 4 
4 3 1 0 
2 0 4 3 
0 1 2 0 
 ////////////.....End.....  //////////
//////////////////..... Start.. //////////
1 2 3 4 
4 3 1 0 
2 0 4 3 
0 1 2 0 
 ////////////.....End.....  //////////
++
//////////////////..... Start.. Graph//////////
(0,1)...= { ,(1,2) ,(2,3) ,(3,4) ,(4,0) ,(8,0) ,(12,0) ,(5,0)  }
(1,2)...= { ,(0,1) ,(2,3) ,(3,4) ,(5,0) ,(9,0) ,(13,0) ,(4,0)  }
(2,3)...= { ,(0,1) ,(1,2) ,(3,4) ,(6,0) ,(10,0) ,(14,0) ,(7,0)  }
(3,4)...= { ,(0,1) ,(1,2) ,(2,3) ,(7,0) ,(11,0) ,(15,0) ,(6,0)  }
(4,0)...= { ,(0,1) ,(5,0) ,(6,0) ,(7,0) ,(8,0) ,(12,0) ,(1,2)  }
(5,0)...= { ,(1,2) ,(4,0) ,(6,0) ,(7,0) ,(9,0) ,(13,0) ,(0,1)  }
(6,0)...= { ,(2,3) ,(4,0) ,(5,0) ,(7,0) ,(10,0) ,(14,0) ,(3,4)  }
(7,0)...= { ,(3,4) ,(4,0) ,(5,0) ,(6,0) ,(11,0) ,(15,0) ,(2,3)  }
(8,0)...= { ,(0,1) ,(4,0) ,(9,0) ,(10,0) ,(11,0) ,(12,0) ,(13,0)  }
(9,0)...= { ,(1,2) ,(5,0) ,(8,0) ,(10,0) ,(11,0) ,(13,0) ,(12,0)  }
(10,0)...= { ,(2,3) ,(6,0) ,(8,0) ,(9,0) ,(11,0) ,(14,0) ,(15,0)  }
(11,0)...= { ,(3,4) ,(7,0) ,(8,0) ,(9,0) ,(10,0) ,(15,0) ,(14,0)  }
(12,0)...= { ,(0,1) ,(4,0) ,(8,0) ,(13,0) ,(14,0) ,(15,0) ,(9,0)  }
(13,0)...= { ,(1,2) ,(5,0) ,(9,0) ,(12,0) ,(14,0) ,(15,0) ,(8,0)  }
(14,0)...= { ,(2,3) ,(6,0) ,(10,0) ,(12,0) ,(13,0) ,(15,0) ,(11,0)  }
(15,0)...= { ,(3,4) ,(7,0) ,(11,0) ,(12,0) ,(13,0) ,(14,0) ,(10,0)  }
 ////////////.....End.....  Graph//////////
++
//////////////////..... Start.. //////////
1 2 3 4 
0 3 0 0 
2 0 0 0 
0 0 2 0 
 ////////////.....End.....  //////////
//////////////////..... Start.. //////////
1 2 3 4 
4 3 0 0 
2 0 4 0 
0 0 2 0 
 ////////////.....End.....  //////////
//////////////////..... Start.. //////////
1 2 3 4 
4 3 0 0 
2 0 4 3 
0 0 2 0 
 ////////////.....End.....  //////////
//////////////////..... Start.. //////////
1 2 3 4 
4 3 0 0 
2 0 4 3 
0 1 2 0 
 ////////////.....End.....  //////////
//////////////////..... Start.. //////////
1 2 3 4 
4 3 0 0 
2 0 4 3 
0 1 2 0 
 ////////////.....End.....  //////////
//////////////////..... Start.. //////////
1 2 3 4 
4 3 0 0 
2 0 4 3 
0 1 2 0 
 ////////////.....End.....  //////////
//////////////////..... Start.. //////////
1 2 3 4 
4 3 1 0 
2 0 4 3 
0 1 2 0 
 ////////////.....End.....  //////////
//////////////////..... Start.. //////////
1 2 3 4 
4 3 1 0 
2 0 4 3 
0 1 2 0 
 ////////////.....End.....  //////////
++
//////////////////..... Start.. Graph//////////
(0,0)...= { ,(1,0) ,(2,0) ,(3,0) ,(4,0) ,(5,0) ,(6,0) ,(7,0) ,(8,0) ,(9,0) ,(18,0) ,(27,0) ,(36,0) ,(45,0) ,(54,0) ,(63,0) ,(72,0) ,(10,0) ,(11,0) ,(19,0) ,(20,0)  }
(1,0)...= { ,(0,0) ,(2,0) ,(3,0) ,(4,0) ,(5,0) ,(6,0) ,(7,0) ,(8,0) ,(10,0) ,(19,0) ,(28,0) ,(37,0) ,(46,0) ,(55,0) ,(64,0) ,(73,0) ,(9,0) ,(11,0) ,(18,0) ,(20,0)  }
(2,0)...= { ,(0,0) ,(1,0) ,(3,0) ,(4,0) ,(5,0) ,(6,0) ,(7,0) ,(8,0) ,(11,0) ,(20,0) ,(29,0) ,(38,0) ,(47,0) ,(56,0) ,(65,0) ,(74,0) ,(9,0) ,(10,0) ,(18,0) ,(19,0)  }
(3,0)...= { ,(0,0) ,(1,0) ,(2,0) ,(4,0) ,(5,0) ,(6,0) ,(7,0) ,(8,0) ,(12,0) ,(21,0) ,(30,0) ,(39,0) ,(48,0) ,(57,0) ,(66,0) ,(75,0) ,(13,0) ,(14,0) ,(22,0) ,(23,0)  }
(4,0)...= { ,(0,0) ,(1,0) ,(2,0) ,(3,0) ,(5,0) ,(6,0) ,(7,0) ,(8,0) ,(13,0) ,(22,0) ,(31,0) ,(40,0) ,(49,0) ,(58,0) ,(67,0) ,(76,0) ,(12,0) ,(14,0) ,(21,0) ,(23,0)  }
(5,0)...= { ,(0,0) ,(1,0) ,(2,0) ,(3,0) ,(4,0) ,(6,0) ,(7,0) ,(8,0) ,(14,0) ,(23,0) ,(32,0) ,(41,0) ,(50,0) ,(59,0) ,(68,0) ,(77,0) ,(12,0) ,(13,0) ,(21,0) ,(22,0)  }
(6,0)...= { ,(0,0) ,(1,0) ,(2,0) ,(3,0) ,(4,0) ,(5,0) ,(7,0) ,(8,0) ,(15,0) ,(24,0) ,(33,0) ,(42,0) ,(51,0) ,(60,0) ,(69,0) ,(78,0) ,(16,0) ,(17,0) ,(25,0) ,(26,0)  }
(7,0)...= { ,(0,0) ,(1,0) ,(2,0) ,(3,0) ,(4,0) ,(5,0) ,(6,0) ,(8,0) ,(16,0) ,(25,0) ,(34,0) ,(43,0) ,(52,0) ,(61,0) ,(70,0) ,(79,0) ,(15,0) ,(17,0) ,(24,0) ,(26,0)  }
(8,0)...= { ,(0,0) ,(1,0) ,(2,0) ,(3,0) ,(4,0) ,(5,0) ,(6,0) ,(7,0) ,(17,0) ,(26,0) ,(35,0) ,(44,0) ,(53,0) ,(62,0) ,(71,0) ,(80,0) ,(15,0) ,(16,0) ,(24,0) ,(25,0)  }
(9,0)...= { ,(0,0) ,(10,0) ,(11,0) ,(12,0) ,(13,0) ,(14,0) ,(15,0) ,(16,0) ,(17,0) ,(18,0) ,(27,0) ,(36,0) ,(45,0) ,(54,0) ,(63,0) ,(72,0) ,(1,0) ,(2,0) ,(19,0) ,(20,0)  }
(10,0)...= { ,(1,0) ,(9,0) ,(11,0) ,(12,0) ,(13,0) ,(14,0) ,(15,0) ,(16,0) ,(17,0) ,(19,0) ,(28,0) ,(37,0) ,(46,0) ,(55,0) ,(64,0) ,(73,0) ,(0,0) ,(2,0) ,(18,0) ,(20,0)  }
(11,0)...= { ,(2,0) ,(9,0) ,(10,0) ,(12,0) ,(13,0) ,(14,0) ,(15,0) ,(16,0) ,(17,0) ,(20,0) ,(29,0) ,(38,0) ,(47,0) ,(56,0) ,(65,0) ,(74,0) ,(0,0) ,(1,0) ,(18,0) ,(19,0)  }
(12,0)...= { ,(3,0) ,(9,0) ,(10,0) ,(11,0) ,(13,0) ,(14,0) ,(15,0) ,(16,0) ,(17,0) ,(21,0) ,(30,0) ,(39,0) ,(48,0) ,(57,0) ,(66,0) ,(75,0) ,(4,0) ,(5,0) ,(22,0) ,(23,0)  }
(13,0)...= { ,(4,0) ,(9,0) ,(10,0) ,(11,0) ,(12,0) ,(14,0) ,(15,0) ,(16,0) ,(17,0) ,(22,0) ,(31,0) ,(40,0) ,(49,0) ,(58,0) ,(67,0) ,(76,0) ,(3,0) ,(5,0) ,(21,0) ,(23,0)  }
(14,0)...= { ,(5,0) ,(9,0) ,(10,0) ,(11,0) ,(12,0) ,(13,0) ,(15,0) ,(16,0) ,(17,0) ,(23,0) ,(32,0) ,(41,0) ,(50,0) ,(59,0) ,(68,0) ,(77,0) ,(3,0) ,(4,0) ,(21,0) ,(22,0)  }
(15,0)...= { ,(6,0) ,(9,0) ,(10,0) ,(11,0) ,(12,0) ,(13,0) ,(14,0) ,(16,0) ,(17,0) ,(24,0) ,(33,0) ,(42,0) ,(51,0) ,(60,0) ,(69,0) ,(78,0) ,(7,0) ,(8,0) ,(25,0) ,(26,0)  }
(16,0)...= { ,(7,0) ,(9,0) ,(10,0) ,(11,0) ,(12,0) ,(13,0) ,(14,0) ,(15,0) ,(17,0) ,(25,0) ,(34,0) ,(43,0) ,(52,0) ,(61,0) ,(70,0) ,(79,0) ,(6,0) ,(8,0) ,(24,0) ,(26,0)  }
(17,0)...= { ,(8,0) ,(9,0) ,(10,0) ,(11,0) ,(12,0) ,(13,0) ,(14,0) ,(15,0) ,(16,0) ,(26,0) ,(35,0) ,(44,0) ,(53,0) ,(62,0) ,(71,0) ,(80,0) ,(6,0) ,(7,0) ,(24,0) ,(25,0)  }
(18,0)...= { ,(0,0) ,(9,0) ,(19,0) ,(20,0) ,(21,0) ,(22,0) ,(23,0) ,(24,0) ,(25,0) ,(26,0) ,(27,0) ,(36,0) ,(45,0) ,(54,0) ,(63,0) ,(72,0) ,(1,0) ,(2,0) ,(10,0) ,(11,0)  }
(19,0)...= { ,(1,0) ,(10,0) ,(18,0) ,(20,0) ,(21,0) ,(22,0) ,(23,0) ,(24,0) ,(25,0) ,(26,0) ,(28,0) ,(37,0) ,(46,0) ,(55,0) ,(64,0) ,(73,0) ,(0,0) ,(2,0) ,(9,0) ,(11,0)  }
(20,0)...= { ,(2,0) ,(11,0) ,(18,0) ,(19,0) ,(21,0) ,(22,0) ,(23,0) ,(24,0) ,(25,0) ,(26,0) ,(29,0) ,(38,0) ,(47,0) ,(56,0) ,(65,0) ,(74,0) ,(0,0) ,(1,0) ,(9,0) ,(10,0)  }
(21,0)...= { ,(3,0) ,(12,0) ,(18,0) ,(19,0) ,(20,0) ,(22,0) ,(23,0) ,(24,0) ,(25,0) ,(26,0) ,(30,0) ,(39,0) ,(48,0) ,(57,0) ,(66,0) ,(75,0) ,(4,0) ,(5,0) ,(13,0) ,(14,0)  }
(22,0)...= { ,(4,0) ,(13,0) ,(18,0) ,(19,0) ,(20,0) ,(21,0) ,(23,0) ,(24,0) ,(25,0) ,(26,0) ,(31,0) ,(40,0) ,(49,0) ,(58,0) ,(67,0) ,(76,0) ,(3,0) ,(5,0) ,(12,0) ,(14,0)  }
(23,0)...= { ,(5,0) ,(14,0) ,(18,0) ,(19,0) ,(20,0) ,(21,0) ,(22,0) ,(24,0) ,(25,0) ,(26,0) ,(32,0) ,(41,0) ,(50,0) ,(59,0) ,(68,0) ,(77,0) ,(3,0) ,(4,0) ,(12,0) ,(13,0)  }
(24,0)...= { ,(6,0) ,(15,0) ,(18,0) ,(19,0) ,(20,0) ,(21,0) ,(22,0) ,(23,0) ,(25,0) ,(26,0) ,(33,0) ,(42,0) ,(51,0) ,(60,0) ,(69,0) ,(78,0) ,(7,0) ,(8,0) ,(16,0) ,(17,0)  }
(25,0)...= { ,(7,0) ,(16,0) ,(18,0) ,(19,0) ,(20,0) ,(21,0) ,(22,0) ,(23,0) ,(24,0) ,(26,0) ,(34,0) ,(43,0) ,(52,0) ,(61,0) ,(70,0) ,(79,0) ,(6,0) ,(8,0) ,(15,0) ,(17,0)  }
(26,0)...= { ,(8,0) ,(17,0) ,(18,0) ,(19,0) ,(20,0) ,(21,0) ,(22,0) ,(23,0) ,(24,0) ,(25,0) ,(35,0) ,(44,0) ,(53,0) ,(62,0) ,(71,0) ,(80,0) ,(6,0) ,(7,0) ,(15,0) ,(16,0)  }
(27,0)...= { ,(0,0) ,(9,0) ,(18,0) ,(28,0) ,(29,0) ,(30,0) ,(31,0) ,(32,0) ,(33,0) ,(34,0) ,(35,0) ,(36,0) ,(45,0) ,(54,0) ,(63,0) ,(72,0) ,(37,0) ,(38,0) ,(46,0) ,(47,0)  }
(28,0)...= { ,(1,0) ,(10,0) ,(19,0) ,(27,0) ,(29,0) ,(30,0) ,(31,0) ,(32,0) ,(33,0) ,(34,0) ,(35,0) ,(37,0) ,(46,0) ,(55,0) ,(64,0) ,(73,0) ,(36,0) ,(38,0) ,(45,0) ,(47,0)  }
(29,0)...= { ,(2,0) ,(11,0) ,(20,0) ,(27,0) ,(28,0) ,(30,0) ,(31,0) ,(32,0) ,(33,0) ,(34,0) ,(35,0) ,(38,0) ,(47,0) ,(56,0) ,(65,0) ,(74,0) ,(36,0) ,(37,0) ,(45,0) ,(46,0)  }
(30,0)...= { ,(3,0) ,(12,0) ,(21,0) ,(27,0) ,(28,0) ,(29,0) ,(31,0) ,(32,0) ,(33,0) ,(34,0) ,(35,0) ,(39,0) ,(48,0) ,(57,0) ,(66,0) ,(75,0) ,(40,0) ,(41,0) ,(49,0) ,(50,0)  }
(31,0)...= { ,(4,0) ,(13,0) ,(22,0) ,(27,0) ,(28,0) ,(29,0) ,(30,0) ,(32,0) ,(33,0) ,(34,0) ,(35,0) ,(40,0) ,(49,0) ,(58,0) ,(67,0) ,(76,0) ,(39,0) ,(41,0) ,(48,0) ,(50,0)  }
(32,0)...= { ,(5,0) ,(14,0) ,(23,0) ,(27,0) ,(28,0) ,(29,0) ,(30,0) ,(31,0) ,(33,0) ,(34,0) ,(35,0) ,(41,0) ,(50,0) ,(59,0) ,(68,0) ,(77,0) ,(39,0) ,(40,0) ,(48,0) ,(49,0)  }
(33,0)...= { ,(6,0) ,(15,0) ,(24,0) ,(27,0) ,(28,0) ,(29,0) ,(30,0) ,(31,0) ,(32,0) ,(34,0) ,(35,0) ,(42,0) ,(51,0) ,(60,0) ,(69,0) ,(78,0) ,(43,0) ,(44,0) ,(52,0) ,(53,0)  }
(34,0)...= { ,(7,0) ,(16,0) ,(25,0) ,(27,0) ,(28,0) ,(29,0) ,(30,0) ,(31,0) ,(32,0) ,(33,0) ,(35,0) ,(43,0) ,(52,0) ,(61,0) ,(70,0) ,(79,0) ,(42,0) ,(44,0) ,(51,0) ,(53,0)  }
(35,0)...= { ,(8,0) ,(17,0) ,(26,0) ,(27,0) ,(28,0) ,(29,0) ,(30,0) ,(31,0) ,(32,0) ,(33,0) ,(34,0) ,(44,0) ,(53,0) ,(62,0) ,(71,0) ,(80,0) ,(42,0) ,(43,0) ,(51,0) ,(52,0)  }
(36,0)...= { ,(0,0) ,(9,0) ,(18,0) ,(27,0) ,(37,0) ,(38,0) ,(39,0) ,(40,0) ,(41,0) ,(42,0) ,(43,0) ,(44,0) ,(45,0) ,(54,0) ,(63,0) ,(72,0) ,(28,0) ,(29,0) ,(46,0) ,(47,0)  }
(37,0)...= { ,(1,0) ,(10,0) ,(19,0) ,(28,0) ,(36,0) ,(38,0) ,(39,0) ,(40,0) ,(41,0) ,(42,0) ,(43,0) ,(44,0) ,(46,0) ,(55,0) ,(64,0) ,(73,0) ,(27,0) ,(29,0) ,(45,0) ,(47,0)  }
(38,0)...= { ,(2,0) ,(11,0) ,(20,0) ,(29,0) ,(36,0) ,(37,0) ,(39,0) ,(40,0) ,(41,0) ,(42,0) ,(43,0) ,(44,0) ,(47,0) ,(56,0) ,(65,0) ,(74,0) ,(27,0) ,(28,0) ,(45,0) ,(46,0)  }
(39,0)...= { ,(3,0) ,(12,0) ,(21,0) ,(30,0) ,(36,0) ,(37,0) ,(38,0) ,(40,0) ,(41,0) ,(42,0) ,(43,0) ,(44,0) ,(48,0) ,(57,0) ,(66,0) ,(75,0) ,(31,0) ,(32,0) ,(49,0) ,(50,0)  }
(40,0)...= { ,(4,0) ,(13,0) ,(22,0) ,(31,0) ,(36,0) ,(37,0) ,(38,0) ,(39,0) ,(41,0) ,(42,0) ,(43,0) ,(44,0) ,(49,0) ,(58,0) ,(67,0) ,(76,0) ,(30,0) ,(32,0) ,(48,0) ,(50,0)  }
(41,0)...= { ,(5,0) ,(14,0) ,(23,0) ,(32,0) ,(36,0) ,(37,0) ,(38,0) ,(39,0) ,(40,0) ,(42,0) ,(43,0) ,(44,0) ,(50,0) ,(59,0) ,(68,0) ,(77,0) ,(30,0) ,(31,0) ,(48,0) ,(49,0)  }
(42,0)...= { ,(6,0) ,(15,0) ,(24,0) ,(33,0) ,(36,0) ,(37,0) ,(38,0) ,(39,0) ,(40,0) ,(41,0) ,(43,0) ,(44,0) ,(51,0) ,(60,0) ,(69,0) ,(78,0) ,(34,0) ,(35,0) ,(52,0) ,(53,0)  }
(43,0)...= { ,(7,0) ,(16,0) ,(25,0) ,(34,0) ,(36,0) ,(37,0) ,(38,0) ,(39,0) ,(40,0) ,(41,0) ,(42,0) ,(44,0) ,(52,0) ,(61,0) ,(70,0) ,(79,0) ,(33,0) ,(35,0) ,(51,0) ,(53,0)  }
(44,0)...= { ,(8,0) ,(17,0) ,(26,0) ,(35,0) ,(36,0) ,(37,0) ,(38,0) ,(39,0) ,(40,0) ,(41,0) ,(42,0) ,(43,0) ,(53,0) ,(62,0) ,(71,0) ,(80,0) ,(33,0) ,(34,0) ,(51,0) ,(52,0)  }
(45,0)...= { ,(0,0) ,(9,0) ,(18,0) ,(27,0) ,(36,0) ,(46,0) ,(47,0) ,(48,0) ,(49,0) ,(50,0) ,(51,0) ,(52,0) ,(53,0) ,(54,0) ,(63,0) ,(72,0) ,(28,0) ,(29,0) ,(37,0) ,(38,0)  }
(46,0)...= { ,(1,0) ,(10,0) ,(19,0) ,(28,0) ,(37,0) ,(45,0) ,(47,0) ,(48,0) ,(49,0) ,(50,0) ,(51,0) ,(52,0) ,(53,0) ,(55,0) ,(64,0) ,(73,0) ,(27,0) ,(29,0) ,(36,0) ,(38,0)  }
(47,0)...= { ,(2,0) ,(11,0) ,(20,0) ,(29,0) ,(38,0) ,(45,0) ,(46,0) ,(48,0) ,(49,0) ,(50,0) ,(51,0) ,(52,0) ,(53,0) ,(56,0) ,(65,0) ,(74,0) ,(27,0) ,(28,0) ,(36,0) ,(37,0)  }
(48,0)...= { ,(3,0) ,(12,0) ,(21,0) ,(30,0) ,(39,0) ,(45,0) ,(46,0) ,(47,0) ,(49,0) ,(50,0) ,(51,0) ,(52,0) ,(53,0) ,(57,0) ,(66,0) ,(75,0) ,(31,0) ,(32,0) ,(40,0) ,(41,0)  }
(49,0)...= { ,(4,0) ,(13,0) ,(22,0) ,(31,0) ,(40,0) ,(45,0) ,(46,0) ,(47,0) ,(48,0) ,(50,0) ,(51,0) ,(52,0) ,(53,0) ,(58,0) ,(67,0) ,(76,0) ,(30,0) ,(32,0) ,(39,0) ,(41,0)  }
(50,0)...= { ,(5,0) ,(14,0) ,(23,0) ,(32,0) ,(41,0) ,(45,0) ,(46,0) ,(47,0) ,(48,0) ,(49,0) ,(51,0) ,(52,0) ,(53,0) ,(59,0) ,(68,0) ,(77,0) ,(30,0) ,(31,0) ,(39,0) ,(40,0)  }
(51,0)...= { ,(6,0) ,(15,0) ,(24,0) ,(33,0) ,(42,0) ,(45,0) ,(46,0) ,(47,0) ,(48,0) ,(49,0) ,(50,0) ,(52,0) ,(53,0) ,(60,0) ,(69,0) ,(78,0) ,(34,0) ,(35,0) ,(43,0) ,(44,0)  }
(52,0)...= { ,(7,0) ,(16,0) ,(25,0) ,(34,0) ,(43,0) ,(45,0) ,(46,0) ,(47,0) ,(48,0) ,(49,0) ,(50,0) ,(51,0) ,(53,0) ,(61,0) ,(70,0) ,(79,0) ,(33,0) ,(35,0) ,(42,0) ,(44,0)  }
(53,0)...= { ,(8,0) ,(17,0) ,(26,0) ,(35,0) ,(44,0) ,(45,0) ,(46,0) ,(47,0) ,(48,0) ,(49,0) ,(50,0) ,(51,0) ,(52,0) ,(62,0) ,(71,0) ,(80,0) ,(33,0) ,(34,0) ,(42,0) ,(43,0)  }
(54,0)...= { ,(0,0) ,(9,0) ,(18,0) ,(27,0) ,(36,0) ,(45,0) ,(55,0) ,(56,0) ,(57,0) ,(58,0) ,(59,0) ,(60,0) ,(61,0) ,(62,0) ,(63,0) ,(72,0) ,(64,0) ,(65,0) ,(73,0) ,(74,0)  }
(55,0)...= { ,(1,0) ,(10,0) ,(19,0) ,(28,0) ,(37,0) ,(46,0) ,(54,0) ,(56,0) ,(57,0) ,(58,0) ,(59,0) ,(60,0) ,(61,0) ,(62,0) ,(64,0) ,(73,0) ,(63,0) ,(65,0) ,(72,0) ,(74,0)  }
(56,0)...= { ,(2,0) ,(11,0) ,(20,0) ,(29,0) ,(38,0) ,(47,0) ,(54,0) ,(55,0) ,(57,0) ,(58,0) ,(59,0) ,(60,0) ,(61,0) ,(62,0) ,(65,0) ,(74,0) ,(63,0) ,(64,0) ,(72,0) ,(73,0)  }
(57,0)...= { ,(3,0) ,(12,0) ,(21,0) ,(30,0) ,(39,0) ,(48,0) ,(54,0) ,(55,0) ,(56,0) ,(58,0) ,(59,0) ,(60,0) ,(61,0) ,(62,0) ,(66,0) ,(75,0) ,(67,0) ,(68,0) ,(76,0) ,(77,0)  }
(58,0)...= { ,(4,0) ,(13,0) ,(22,0) ,(31,0) ,(40,0) ,(49,0) ,(54,0) ,(55,0) ,(56,0) ,(57,0) ,(59,0) ,(60,0) ,(61,0) ,(62,0) ,(67,0) ,(76,0) ,(66,0) ,(68,0) ,(75,0) ,(77,0)  }
(59,0)...= { ,(5,0) ,(14,0) ,(23,0) ,(32,0) ,(41,0) ,(50,0) ,(54,0) ,(55,0) ,(56,0) ,(57,0) ,(58,0) ,(60,0) ,(61,0) ,(62,0) ,(68,0) ,(77,0) ,(66,0) ,(67,0) ,(75,0) ,(76,0)  }
(60,0)...= { ,(6,0) ,(15,0) ,(24,0) ,(33,0) ,(42,0) ,(51,0) ,(54,0) ,(55,0) ,(56,0) ,(57,0) ,(58,0) ,(59,0) ,(61,0) ,(62,0) ,(69,0) ,(78,0) ,(70,0) ,(71,0) ,(79,0) ,(80,0)  }
(61,0)...= { ,(7,0) ,(16,0) ,(25,0) ,(34,0) ,(43,0) ,(52,0) ,(54,0) ,(55,0) ,(56,0) ,(57,0) ,(58,0) ,(59,0) ,(60,0) ,(62,0) ,(70,0) ,(79,0) ,(69,0) ,(71,0) ,(78,0) ,(80,0)  }
(62,0)...= { ,(8,0) ,(17,0) ,(26,0) ,(35,0) ,(44,0) ,(53,0) ,(54,0) ,(55,0) ,(56,0) ,(57,0) ,(58,0) ,(59,0) ,(60,0) ,(61,0) ,(71,0) ,(80,0) ,(69,0) ,(70,0) ,(78,0) ,(79,0)  }
(63,0)...= { ,(0,0) ,(9,0) ,(18,0) ,(27,0) ,(36,0) ,(45,0) ,(54,0) ,(64,0) ,(65,0) ,(66,0) ,(67,0) ,(68,0) ,(69,0) ,(70,0) ,(71,0) ,(72,0) ,(55,0) ,(56,0) ,(73,0) ,(74,0)  }
(64,0)...= { ,(1,0) ,(10,0) ,(19,0) ,(28,0) ,(37,0) ,(46,0) ,(55,0) ,(63,0) ,(65,0) ,(66,0) ,(67,0) ,(68,0) ,(69,0) ,(70,0) ,(71,0) ,(73,0) ,(54,0) ,(56,0) ,(72,0) ,(74,0)  }
(65,0)...= { ,(2,0) ,(11,0) ,(20,0) ,(29,0) ,(38,0) ,(47,0) ,(56,0) ,(63,0) ,(64,0) ,(66,0) ,(67,0) ,(68,0) ,(69,0) ,(70,0) ,(71,0) ,(74,0) ,(54,0) ,(55,0) ,(72,0) ,(73,0)  }
(66,0)...= { ,(3,0) ,(12,0) ,(21,0) ,(30,0) ,(39,0) ,(48,0) ,(57,0) ,(63,0) ,(64,0) ,(65,0) ,(67,0) ,(68,0) ,(69,0) ,(70,0) ,(71,0) ,(75,0) ,(58,0) ,(59,0) ,(76,0) ,(77,0)  }
(67,0)...= { ,(4,0) ,(13,0) ,(22,0) ,(31,0) ,(40,0) ,(49,0) ,(58,0) ,(63,0) ,(64,0) ,(65,0) ,(66,0) ,(68,0) ,(69,0) ,(70,0) ,(71,0) ,(76,0) ,(57,0) ,(59,0) ,(75,0) ,(77,0)  }
(68,0)...= { ,(5,0) ,(14,0) ,(23,0) ,(32,0) ,(41,0) ,(50,0) ,(59,0) ,(63,0) ,(64,0) ,(65,0) ,(66,0) ,(67,0) ,(69,0) ,(70,0) ,(71,0) ,(77,0) ,(57,0) ,(58,0) ,(75,0) ,(76,0)  }
(69,0)...= { ,(6,0) ,(15,0) ,(24,0) ,(33,0) ,(42,0) ,(51,0) ,(60,0) ,(63,0) ,(64,0) ,(65,0) ,(66,0) ,(67,0) ,(68,0) ,(70,0) ,(71,0) ,(78,0) ,(61,0) ,(62,0) ,(79,0) ,(80,0)  }
(70,0)...= { ,(7,0) ,(16,0) ,(25,0) ,(34,0) ,(43,0) ,(52,0) ,(61,0) ,(63,0) ,(64,0) ,(65,0) ,(66,0) ,(67,0) ,(68,0) ,(69,0) ,(71,0) ,(79,0) ,(60,0) ,(62,0) ,(78,0) ,(80,0)  }
(71,0)...= { ,(8,0) ,(17,0) ,(26,0) ,(35,0) ,(44,0) ,(53,0) ,(62,0) ,(63,0) ,(64,0) ,(65,0) ,(66,0) ,(67,0) ,(68,0) ,(69,0) ,(70,0) ,(80,0) ,(60,0) ,(61,0) ,(78,0) ,(79,0)  }
(72,0)...= { ,(0,0) ,(9,0) ,(18,0) ,(27,0) ,(36,0) ,(45,0) ,(54,0) ,(63,0) ,(73,0) ,(74,0) ,(75,0) ,(76,0) ,(77,0) ,(78,0) ,(79,0) ,(80,0) ,(55,0) ,(56,0) ,(64,0) ,(65,0)  }
(73,0)...= { ,(1,0) ,(10,0) ,(19,0) ,(28,0) ,(37,0) ,(46,0) ,(55,0) ,(64,0) ,(72,0) ,(74,0) ,(75,0) ,(76,0) ,(77,0) ,(78,0) ,(79,0) ,(80,0) ,(54,0) ,(56,0) ,(63,0) ,(65,0)  }
(74,0)...= { ,(2,0) ,(11,0) ,(20,0) ,(29,0) ,(38,0) ,(47,0) ,(56,0) ,(65,0) ,(72,0) ,(73,0) ,(75,0) ,(76,0) ,(77,0) ,(78,0) ,(79,0) ,(80,0) ,(54,0) ,(55,0) ,(63,0) ,(64,0)  }
(75,0)...= { ,(3,0) ,(12,0) ,(21,0) ,(30,0) ,(39,0) ,(48,0) ,(57,0) ,(66,0) ,(72,0) ,(73,0) ,(74,0) ,(76,0) ,(77,0) ,(78,0) ,(79,0) ,(80,0) ,(58,0) ,(59,0) ,(67,0) ,(68,0)  }
(76,0)...= { ,(4,0) ,(13,0) ,(22,0) ,(31,0) ,(40,0) ,(49,0) ,(58,0) ,(67,0) ,(72,0) ,(73,0) ,(74,0) ,(75,0) ,(77,0) ,(78,0) ,(79,0) ,(80,0) ,(57,0) ,(59,0) ,(66,0) ,(68,0)  }
(77,0)...= { ,(5,0) ,(14,0) ,(23,0) ,(32,0) ,(41,0) ,(50,0) ,(59,0) ,(68,0) ,(72,0) ,(73,0) ,(74,0) ,(75,0) ,(76,0) ,(78,0) ,(79,0) ,(80,0) ,(57,0) ,(58,0) ,(66,0) ,(67,0)  }
(78,0)...= { ,(6,0) ,(15,0) ,(24,0) ,(33,0) ,(42,0) ,(51,0) ,(60,0) ,(69,0) ,(72,0) ,(73,0) ,(74,0) ,(75,0) ,(76,0) ,(77,0) ,(79,0) ,(80,0) ,(61,0) ,(62,0) ,(70,0) ,(71,0)  }
(79,0)...= { ,(7,0) ,(16,0) ,(25,0) ,(34,0) ,(43,0) ,(52,0) ,(61,0) ,(70,0) ,(72,0) ,(73,0) ,(74,0) ,(75,0) ,(76,0) ,(77,0) ,(78,0) ,(80,0) ,(60,0) ,(62,0) ,(69,0) ,(71,0)  }
(80,0)...= { ,(8,0) ,(17,0) ,(26,0) ,(35,0) ,(44,0) ,(53,0) ,(62,0) ,(71,0) ,(72,0) ,(73,0) ,(74,0) ,(75,0) ,(76,0) ,(77,0) ,(78,0) ,(79,0) ,(60,0) ,(61,0) ,(69,0) ,(70,0)  }
 ////////////.....End.....  Graph//////////
++
//////////////////..... Start.. //////////
0 2 0 0 0 0 0 0 0 
0 0 0 0 0 0 0 0 0 
0 0 0 0 0 0 0 2 0 
0 0 0 0 0 0 0 0 2 
1 0 0 2 0 0 0 0 0 
2 0 0 0 0 0 0 0 1 
0 0 0 0 1 0 0 0 0 
0 0 2 0 0 0 1 0 0 
0 0 1 0 2 0 0 0 0 
 ////////////.....End.....  //////////
//////////////////..... Start.. //////////
0 2 0 0 0 1 0 0 0 
0 0 0 0 0 0 0 1 0 
0 1 0 0 0 0 0 2 0 
0 0 0 0 0 0 0 0 2 
1 0 0 2 0 0 0 0 0 
2 0 0 0 0 0 0 0 1 
0 0 0 0 1 0 0 0 0 
0 0 2 0 0 0 1 0 0 
0 0 1 0 2 0 0 0 0 
 ////////////.....End.....  //////////
//////////////////..... Start.. //////////
0 2 0 0 0 1 0 0 0 
0 0 0 0 0 2 0 1 0 
0 1 0 0 0 0 0 2 0 
0 0 0 0 0 0 0 0 2 
1 0 0 2 0 0 0 0 0 
2 0 0 0 0 0 0 0 1 
0 0 0 0 1 0 0 0 0 
0 0 2 0 0 0 1 0 0 
0 0 1 0 2 0 0 0 0 
 ////////////.....End.....  //////////
//////////////////..... Start.. //////////
0 2 0 0 0 1 0 0 0 
0 0 0 0 0 2 0 1 0 
0 1 0 0 0 0 0 2 0 
0 0 0 0 0 0 0 0 2 
1 0 0 2 0 0 0 0 0 
2 0 0 0 0 0 0 0 1 
0 0 0 0 1 0 2 0 0 
0 0 2 0 0 0 1 0 0 
0 0 1 0 2 0 0 0 0 
 ////////////.....End.....  //////////
//////////////////..... Start.. //////////
0 2 0 0 0 1 0 0 0 
0 0 0 0 0 2 0 1 0 
0 1 0 0 0 0 0 2 0 
0 0 0 1 0 0 0 0 2 
1 0 0 2 0 0 0 0 0 
2 0 0 0 0 0 0 0 1 
0 0 0 0 1 0 2 0 0 
0 0 2 0 0 0 1 0 0 
0 0 1 0 2 0 0 0 0 
 ////////////.....End.....  //////////
//////////////////..... Start.. //////////
0 2 0 0 0 1 0 0 0 
0 0 0 0 0 2 0 1 0 
0 1 0 0 0 0 0 2 0 
0 0 0 1 0 0 0 0 2 
1 0 0 2 0 0 0 0 0 
2 0 0 0 0 0 0 0 1 
0 0 0 3 1 0 2 0 0 
0 0 2 0 0 0 1 0 0 
0 0 1 0 2 0 0 0 0 
 ////////////.....End.....  //////////
//////////////////..... Start.. //////////
0 2 0 0 0 1 0 0 0 
0 0 0 0 0 2 0 1 0 
0 1 0 0 0 0 0 2 0 
0 0 0 1 0 0 3 0 2 
1 0 0 2 0 0 0 0 0 
2 0 0 0 0 0 0 0 1 
0 0 0 3 1 0 2 0 0 
0 0 2 0 0 0 1 0 0 
0 0 1 0 2 0 0 0 0 
 ////////////.....End.....  //////////
//////////////////..... Start.. //////////
0 2 0 0 0 1 0 0 0 
0 0 0 0 0 2 0 1 0 
0 1 0 0 0 0 0 2 0 
0 0 0 1 0 0 3 0 2 
1 0 0 2 0 3 0 0 0 
2 0 0 0 0 0 0 0 1 
0 0 0 3 1 0 2 0 0 
0 0 2 0 0 0 1 0 0 
0 0 1 0 2 0 0 0 0 
 ////////////.....End.....  //////////
//////////////////..... Start.. //////////
0 2 0 0 0 1 0 0 0 
0 0 0 0 0 2 0 1 0 
0 1 0 0 0 0 0 2 0 
0 0 0 1 0 0 3 0 2 
1 0 0 2 0 3 0 0 0 
2 3 0 0 0 0 0 0 1 
0 0 0 3 1 0 2 0 0 
0 0 2 0 0 0 1 0 0 
0 0 1 0 2 0 0 0 0 
 ////////////.....End.....  //////////
//////////////////..... Start.. //////////
0 2 0 0 0 1 0 0 0 
0 0 0 0 0 2 0 1 0 
0 1 0 0 0 0 0 2 0 
0 0 0 1 0 0 3 0 2 
1 0 0 2 0 3 0 0 0 
2 3 0 0 0 0 0 0 1 
0 0 0 3 1 0 2 0 0 
0 0 2 0 0 0 1 3 0 
0 0 1 0 2 0 0 0 0 
 ////////////.....End.....  //////////
//////////////////..... Start.. //////////
0 2 0 0 0 1 0 0 0 
0 0 0 0 0 2 0 1 0 
0 1 0 0 0 0 0 2 0 
0 0 0 1 0 0 3 0 2 
1 0 0 2 0 3 0 0 0 
2 3 0 0 0 0 0 0 1 
0 0 0 3 1 0 2 0 0 
0 0 2 0 0 0 1 3 0 
3 0 1 0 2 0 0 0 0 
 ////////////.....End.....  //////////
//////////////////..... Start.. //////////
0 2 0 0 0 1 0 0 0 
0 0 0 0 0 2 0 1 0 
0 1 0 0 0 0 0 2 3 
0 0 0 1 0 0 3 0 2 
1 0 0 2 0 3 0 0 0 
2 3 0 0 0 0 0 0 1 
0 0 0 3 1 0 2 0 0 
0 0 2 0 0 0 1 3 0 
3 0 1 0 2 0 0 0 0 
 ////////////.....End.....  //////////
//////////////////..... Start.. //////////
0 2 0 0 0 1 0 0 0 
0 0 0 0 3 2 0 1 0 
0 1 0 0 0 0 0 2 3 
0 0 0 1 0 0 3 0 2 
1 0 0 2 0 3 0 0 0 
2 3 0 0 0 0 0 0 1 
0 0 0 3 1 0 2 0 0 
0 0 2 0 0 0 1 3 0 
3 0 1 0 2 0 0 0 0 
 ////////////.....End.....  //////////
//////////////////..... Start.. //////////
0 2 0 0 4 1 0 0 0 
0 0 0 0 3 2 0 1 0 
0 1 0 0 0 0 0 2 3 
0 0 0 1 0 0 3 0 2 
1 0 0 2 0 3 0 0 0 
2 3 0 0 0 0 0 0 1 
0 0 0 3 1 0 2 0 0 
0 0 2 0 0 0 1 3 0 
3 0 1 0 2 0 0 0 0 
 ////////////.....End.....  //////////
//////////////////..... Start.. //////////
0 2 0 0 4 1 0 0 0 
0 0 0 0 3 2 0 1 0 
0 1 4 0 0 0 0 2 3 
0 0 0 1 0 0 3 0 2 
1 0 0 2 0 3 0 0 0 
2 3 0 0 0 0 0 0 1 
0 0 0 3 1 0 2 0 0 
0 0 2 0 0 0 1 3 0 
3 0 1 0 2 0 0 0 0 
 ////////////.....End.....  //////////
//////////////////..... Start.. //////////
0 2 0 0 4 1 0 0 0 
0 0 0 0 3 2 0 1 0 
0 1 4 0 0 0 0 2 3 
0 0 0 1 0 0 3 0 2 
1 0 0 2 0 3 0 0 0 
2 3 0 0 0 0 0 0 1 
0 0 0 3 1 0 2 0 0 
4 0 2 0 0 0 1 3 0 
3 0 1 0 2 0 0 0 0 
 ////////////.....End.....  //////////
//////////////////..... Start.. //////////
0 2 0 0 4 1 0 0 0 
0 0 0 0 3 2 0 1 0 
0 1 4 0 0 0 0 2 3 
0 0 0 1 0 0 3 0 2 
1 4 0 2 0 3 0 0 0 
2 3 0 0 0 0 0 0 1 
0 0 0 3 1 0 2 0 0 
4 0 2 0 0 0 1 3 0 
3 0 1 0 2 0 0 0 0 
 ////////////.....End.....  //////////
//////////////////..... Start.. //////////
0 2 0 0 4 1 0 0 0 
0 0 0 0 3 2 0 1 0 
0 1 4 0 0 0 0 2 3 
0 0 0 1 0 4 3 0 2 
1 4 0 2 0 3 0 0 0 
2 3 0 0 0 0 0 0 1 
0 0 0 3 1 0 2 0 0 
4 0 2 0 0 0 1 3 0 
3 0 1 0 2 0 0 0 0 
 ////////////.....End.....  //////////
//////////////////..... Start.. //////////
0 2 3 0 4 1 0 0 0 
0 0 0 0 3 2 0 1 0 
0 1 4 0 0 0 0 2 3 
0 0 0 1 0 4 3 0 2 
1 4 0 2 0 3 0 0 0 
2 3 0 0 0 0 0 0 1 
0 0 0 3 1 0 2 0 0 
4 0 2 0 0 0 1 3 0 
3 0 1 0 2 0 0 0 0 
 ////////////.....End.....  //////////
//////////////////..... Start.. //////////
0 2 3 0 4 1 0 0 0 
0 0 0 0 3 2 0 1 4 
0 1 4 0 0 0 0 2 3 
0 0 0 1 0 4 3 0 2 
1 4 0 2 0 3 0 0 0 
2 3 0 0 0 0 0 0 1 
0 0 0 3 1 0 2 0 0 
4 0 2 0 0 0 1 3 0 
3 0 1 0 2 0 0 0 0 
 ////////////.....End.....  //////////
//////////////////..... Start.. //////////
0 2 3 0 4 1 0 0 0 
0 0 0 0 3 2 0 1 4 
0 1 4 0 0 0 0 2 3 
0 0 0 1 0 4 3 0 2 
1 4 0 2 0 3 0 0 0 
2 3 0 0 0 0 4 0 1 
0 0 0 3 1 0 2 0 0 
4 0 2 0 0 0 1 3 0 
3 0 1 0 2 0 0 0 0 
 ////////////.....End.....  //////////
//////////////////..... Start.. //////////
0 2 3 0 4 1 0 0 0 
0 0 0 0 3 2 0 1 4 
0 1 4 0 0 0 0 2 3 
0 0 0 1 0 4 3 0 2 
1 4 0 2 0 3 0 0 0 
2 3 0 0 0 0 4 0 1 
0 0 0 3 1 0 2 0 0 
4 0 2 0 0 0 1 3 0 
3 0 1 4 2 0 0 0 0 
 ////////////.....End.....  //////////
//////////////////..... Start.. //////////
0 2 3 0 4 1 0 0 0 
0 0 0 0 3 2 0 1 4 
0 1 4 0 0 0 0 2 3 
0 0 0 1 0 4 3 0 2 
1 4 0 2 0 3 0 0 0 
2 3 0 0 0 0 4 0 1 
0 0 0 3 1 0 2 4 0 
4 0 2 0 0 0 1 3 0 
3 0 1 4 2 0 0 0 0 
 ////////////.....End.....  //////////
//////////////////..... Start.. //////////
0 2 3 0 4 1 0 0 0 
0 0 0 0 3 2 0 1 4 
0 1 4 0 0 0 0 2 3 
0 0 0 1 0 4 3 0 2 
1 4 0 2 0 3 0 0 0 
2 3 0 0 0 0 4 0 1 
0 0 0 3 1 0 2 4 0 
4 0 2 0 0 0 1 3 0 
3 0 1 4 2 0 5 0 0 
 ////////////.....End.....  //////////
//////////////////..... Start.. //////////
0 2 3 0 4 1 0 5 0 
0 0 0 0 3 2 0 1 4 
0 1 4 0 0 0 0 2 3 
0 0 0 1 0 4 3 0 2 
1 4 0 2 0 3 0 0 0 
2 3 0 0 0 0 4 0 1 
0 0 0 3 1 0 2 4 0 
4 0 2 0 0 0 1 3 0 
3 0 1 4 2 0 5 0 0 
 ////////////.....End.....  //////////
//////////////////..... Start.. //////////
0 2 3 0 4 1 0 5 0 
0 0 0 0 3 2 0 1 4 
0 1 4 0 0 5 0 2 3 
0 0 0 1 0 4 3 0 2 
1 4 0 2 0 3 0 0 0 
2 3 0 0 0 0 4 0 1 
0 0 0 3 1 0 2 4 0 
4 0 2 0 0 0 1 3 0 
3 0 1 4 2 0 5 0 0 
 ////////////.....End.....  //////////
//////////////////..... Start.. //////////
0 2 3 0 4 1 0 5 0 
0 0 0 0 3 2 0 1 4 
0 1 4 0 0 5 0 2 3 
0 0 0 1 0 4 3 0 2 
1 4 0 2 0 3 0 0 0 
2 3 0 5 0 0 4 0 1 
0 0 0 3 1 0 2 4 0 
4 0 2 0 0 0 1 3 0 
3 0 1 4 2 0 5 0 0 
 ////////////.....End.....  //////////
//////////////////..... Start.. //////////
0 2 3 0 4 1 0 5 0 
0 5 0 0 3 2 0 1 4 
0 1 4 0 0 5 0 2 3 
0 0 0 1 0 4 3 0 2 
1 4 0 2 0 3 0 0 0 
2 3 0 5 0 0 4 0 1 
0 0 0 3 1 0 2 4 0 
4 0 2 0 0 0 1 3 0 
3 0 1 4 2 0 5 0 0 
 ////////////.....End.....  //////////
//////////////////..... Start.. //////////
0 2 3 0 4 1 0 5 0 
0 5 0 0 3 2 0 1 4 
0 1 4 0 0 5 0 2 3 
0 0 0 1 0 4 3 0 2 
1 4 0 2 0 3 0 0 0 
2 3 0 5 0 0 4 0 1 
5 0 0 3 1 0 2 4 0 
4 0 2 0 0 0 1 3 0 
3 0 1 4 2 0 5 0 0 
 ////////////.....End.....  //////////
//////////////////..... Start.. //////////
0 2 3 0 4 1 0 5 0 
0 5 0 0 3 2 0 1 4 
0 1 4 0 0 5 0 2 3 
6 0 0 1 0 4 3 0 2 
1 4 0 2 0 3 0 0 0 
2 3 0 5 0 0 4 0 1 
5 0 0 3 1 0 2 4 0 
4 0 2 0 0 0 1 3 0 
3 0 1 4 2 0 5 0 0 
 ////////////.....End.....  //////////
//////////////////..... Start.. //////////
0 2 3 0 4 1 0 5 0 
0 5 6 0 3 2 0 1 4 
0 1 4 0 0 5 0 2 3 
6 0 0 1 0 4 3 0 2 
1 4 0 2 0 3 0 0 0 
2 3 0 5 0 0 4 0 1 
5 0 0 3 1 0 2 4 0 
4 0 2 0 0 0 1 3 0 
3 0 1 4 2 0 5 0 0 
 ////////////.....End.....  //////////
//////////////////..... Start.. //////////
0 2 3 0 4 1 0 5 0 
0 5 6 0 3 2 0 1 4 
0 1 4 0 0 5 0 2 3 
6 0 0 1 0 4 3 0 2 
1 4 0 2 0 3 0 0 0 
2 3 0 5 0 0 4 0 1 
5 0 0 3 1 0 2 4 0 
4 0 2 6 0 0 1 3 0 
3 0 1 4 2 0 5 0 0 
 ////////////.....End.....  //////////
//////////////////..... Start.. //////////
0 2 3 0 4 1 0 5 0 
0 5 6 0 3 2 0 1 4 
0 1 4 0 6 5 0 2 3 
6 0 0 1 0 4 3 0 2 
1 4 0 2 0 3 0 0 0 
2 3 0 5 0 0 4 0 1 
5 0 0 3 1 0 2 4 0 
4 0 2 6 0 0 1 3 0 
3 0 1 4 2 0 5 0 0 
 ////////////.....End.....  //////////
//////////////////..... Start.. //////////
0 2 3 0 4 1 0 5 6 
0 5 6 0 3 2 0 1 4 
0 1 4 0 6 5 0 2 3 
6 0 0 1 0 4 3 0 2 
1 4 0 2 0 3 0 0 0 
2 3 0 5 0 0 4 0 1 
5 0 0 3 1 0 2 4 0 
4 0 2 6 0 0 1 3 0 
3 0 1 4 2 0 5 0 0 
 ////////////.....End.....  //////////
//////////////////..... Start.. //////////
0 2 3 0 4 1 0 5 6 
0 5 6 0 3 2 0 1 4 
0 1 4 0 6 5 0 2 3 
6 0 0 1 0 4 3 0 2 
1 4 0 2 0 3 6 0 0 
2 3 0 5 0 0 4 0 1 
5 0 0 3 1 0 2 4 0 
4 0 2 6 0 0 1 3 0 
3 0 1 4 2 0 5 0 0 
 ////////////.....End.....  //////////
//////////////////..... Start.. //////////
0 2 3 0 4 1 0 5 6 
0 5 6 0 3 2 0 1 4 
0 1 4 0 6 5 0 2 3 
6 0 0 1 0 4 3 0 2 
1 4 0 2 0 3 6 0 5 
2 3 0 5 0 0 4 0 1 
5 0 0 3 1 0 2 4 0 
4 0 2 6 0 0 1 3 0 
3 0 1 4 2 0 5 0 0 
 ////////////.....End.....  //////////
//////////////////..... Start.. //////////
0 2 3 0 4 1 0 5 6 
0 5 6 0 3 2 0 1 4 
0 1 4 0 6 5 0 2 3 
6 0 0 1 0 4 3 0 2 
1 4 0 2 0 3 6 0 5 
2 3 0 5 0 0 4 0 1 
5 0 0 3 1 0 2 4 0 
4 0 2 6 0 0 1 3 0 
3 0 1 4 2 0 5 6 0 
 ////////////.....End.....  //////////
//////////////////..... Start.. //////////
0 2 3 0 4 1 0 5 6 
0 5 6 0 3 2 0 1 4 
0 1 4 0 6 5 0 2 3 
6 0 0 1 0 4 3 0 2 
1 4 0 2 0 3 6 0 5 
2 3 0 5 0 0 4 0 1 
5 0 0 3 1 0 2 4 0 
4 0 2 6 5 0 1 3 0 
3 0 1 4 2 0 5 6 0 
 ////////////.....End.....  //////////
//////////////////..... Start.. //////////
0 2 3 0 4 1 0 5 6 
0 5 6 0 3 2 0 1 4 
0 1 4 0 6 5 0 2 3 
6 0 0 1 0 4 3 0 2 
1 4 0 2 0 3 6 0 5 
2 3 0 5 0 6 4 0 1 
5 0 0 3 1 0 2 4 0 
4 0 2 6 5 0 1 3 0 
3 0 1 4 2 0 5 6 0 
 ////////////.....End.....  //////////
//////////////////..... Start.. //////////
0 2 3 0 4 1 0 5 6 
0 5 6 0 3 2 0 1 4 
0 1 4 0 6 5 0 2 3 
6 0 0 1 0 4 3 0 2 
1 4 0 2 0 3 6 0 5 
2 3 7 5 0 6 4 0 1 
5 0 0 3 1 0 2 4 0 
4 0 2 6 5 0 1 3 0 
3 0 1 4 2 0 5 6 0 
 ////////////.....End.....  //////////
//////////////////..... Start.. //////////
0 2 3 0 4 1 0 5 6 
0 5 6 0 3 2 0 1 4 
0 1 4 0 6 5 0 2 3 
6 0 0 1 0 4 3 0 2 
1 4 0 2 0 3 6 0 5 
2 3 7 5 0 6 4 0 1 
5 0 0 3 1 0 2 4 0 
4 7 2 6 5 0 1 3 0 
3 0 1 4 2 0 5 6 0 
 ////////////.....End.....  //////////
//////////////////..... Start.. //////////
0 2 3 0 4 1 0 5 6 
0 5 6 0 3 2 0 1 4 
0 1 4 0 6 5 0 2 3 
6 0 0 1 0 4 3 0 2 
1 4 0 2 0 3 6 0 5 
2 3 7 5 0 6 4 0 1 
5 0 0 3 1 0 2 4 0 
4 7 2 6 5 0 1 3 0 
3 8 1 4 2 0 5 6 0 
 ////////////.....End.....  //////////
//////////////////..... Start.. //////////
0 2 3 0 4 1 0 5 6 
0 5 6 0 3 2 0 1 4 
0 1 4 0 6 5 0 2 3 
6 0 0 1 0 4 3 0 2 
1 4 8 2 0 3 6 0 5 
2 3 7 5 0 6 4 0 1 
5 0 0 3 1 0 2 4 0 
4 7 2 6 5 0 1 3 0 
3 8 1 4 2 0 5 6 0 
 ////////////.....End.....  //////////
//////////////////..... Start.. //////////
0 2 3 0 4 1 0 5 6 
0 5 6 0 3 2 0 1 4 
0 1 4 0 6 5 0 2 3 
6 0 0 1 7 4 3 0 2 
1 4 8 2 0 3 6 0 5 
2 3 7 5 0 6 4 0 1 
5 0 0 3 1 0 2 4 0 
4 7 2 6 5 0 1 3 0 
3 8 1 4 2 0 5 6 0 
 ////////////.....End.....  //////////
//////////////////..... Start.. //////////
0 2 3 0 4 1 0 5 6 
0 5 6 0 3 2 0 1 4 
0 1 4 0 6 5 0 2 3 
6 0 0 1 7 4 3 0 2 
1 4 8 2 0 3 6 0 5 
2 3 7 5 0 6 4 0 1 
5 0 0 3 1 0 2 4 7 
4 7 2 6 5 0 1 3 0 
3 8 1 4 2 0 5 6 0 
 ////////////.....End.....  //////////
//////////////////..... Start.. //////////
0 2 3 0 4 1 0 5 6 
0 5 6 0 3 2 0 1 4 
0 1 4 0 6 5 0 2 3 
6 0 0 1 7 4 3 0 2 
1 4 8 2 0 3 6 0 5 
2 3 7 5 0 6 4 0 1 
5 0 0 3 1 8 2 4 7 
4 7 2 6 5 0 1 3 0 
3 8 1 4 2 0 5 6 0 
 ////////////.....End.....  //////////
//////////////////..... Start.. //////////
0 2 3 0 4 1 0 5 6 
0 5 6 0 3 2 0 1 4 
0 1 4 0 6 5 0 2 3 
6 0 0 1 7 4 3 8 2 
1 4 8 2 0 3 6 0 5 
2 3 7 5 0 6 4 0 1 
5 0 0 3 1 8 2 4 7 
4 7 2 6 5 0 1 3 0 
3 8 1 4 2 0 5 6 0 
 ////////////.....End.....  //////////
//////////////////..... Start.. //////////
0 2 3 0 4 1 0 5 6 
7 5 6 0 3 2 0 1 4 
0 1 4 0 6 5 0 2 3 
6 0 0 1 7 4 3 8 2 
1 4 8 2 0 3 6 0 5 
2 3 7 5 0 6 4 0 1 
5 0 0 3 1 8 2 4 7 
4 7 2 6 5 0 1 3 0 
3 8 1 4 2 0 5 6 0 
 ////////////.....End.....  //////////
//////////////////..... Start.. //////////
0 2 3 0 4 1 7 5 6 
7 5 6 0 3 2 0 1 4 
0 1 4 0 6 5 0 2 3 
6 0 0 1 7 4 3 8 2 
1 4 8 2 0 3 6 0 5 
2 3 7 5 0 6 4 0 1 
5 0 0 3 1 8 2 4 7 
4 7 2 6 5 0 1 3 0 
3 8 1 4 2 0 5 6 0 
 ////////////.....End.....  //////////
//////////////////..... Start.. //////////
0 2 3 0 4 1 7 5 6 
7 5 6 0 3 2 0 1 4 
0 1 4 7 6 5 0 2 3 
6 0 0 1 7 4 3 8 2 
1 4 8 2 0 3 6 0 5 
2 3 7 5 0 6 4 0 1 
5 0 0 3 1 8 2 4 7 
4 7 2 6 5 0 1 3 0 
3 8 1 4 2 0 5 6 0 
 ////////////.....End.....  //////////
//////////////////..... Start.. //////////
0 2 3 8 4 1 7 5 6 
7 5 6 0 3 2 0 1 4 
0 1 4 7 6 5 0 2 3 
6 0 0 1 7 4 3 8 2 
1 4 8 2 0 3 6 0 5 
2 3 7 5 0 6 4 0 1 
5 0 0 3 1 8 2 4 7 
4 7 2 6 5 0 1 3 0 
3 8 1 4 2 0 5 6 0 
 ////////////.....End.....  //////////
//////////////////..... Start.. //////////
0 2 3 8 4 1 7 5 6 
7 5 6 0 3 2 0 1 4 
8 1 4 7 6 5 0 2 3 
6 0 0 1 7 4 3 8 2 
1 4 8 2 0 3 6 0 5 
2 3 7 5 0 6 4 0 1 
5 0 0 3 1 8 2 4 7 
4 7 2 6 5 0 1 3 0 
3 8 1 4 2 0 5 6 0 
 ////////////.....End.....  //////////
//////////////////..... Start.. //////////
0 2 3 8 4 1 7 5 6 
7 5 6 0 3 2 8 1 4 
8 1 4 7 6 5 0 2 3 
6 0 0 1 7 4 3 8 2 
1 4 8 2 0 3 6 0 5 
2 3 7 5 0 6 4 0 1 
5 0 0 3 1 8 2 4 7 
4 7 2 6 5 0 1 3 0 
3 8 1 4 2 0 5 6 0 
 ////////////.....End.....  //////////
//////////////////..... Start.. //////////
0 2 3 8 4 1 7 5 6 
7 5 6 0 3 2 8 1 4 
8 1 4 7 6 5 0 2 3 
6 0 0 1 7 4 3 8 2 
1 4 8 2 0 3 6 7 5 
2 3 7 5 0 6 4 0 1 
5 0 0 3 1 8 2 4 7 
4 7 2 6 5 0 1 3 0 
3 8 1 4 2 0 5 6 0 
 ////////////.....End.....  //////////
//////////////////..... Start.. //////////
0 2 3 8 4 1 7 5 6 
7 5 6 0 3 2 8 1 4 
8 1 4 7 6 5 0 2 3 
6 0 0 1 7 4 3 8 2 
1 4 8 2 0 3 6 7 5 
2 3 7 5 8 6 4 0 1 
5 0 0 3 1 8 2 4 7 
4 7 2 6 5 0 1 3 0 
3 8 1 4 2 0 5 6 0 
 ////////////.....End.....  //////////
//////////////////..... Start.. //////////
0 2 3 8 4 1 7 5 6 
7 5 6 0 3 2 8 1 4 
8 1 4 7 6 5 0 2 3 
6 0 0 1 7 4 3 8 2 
1 4 8 2 0 3 6 7 5 
2 3 7 5 8 6 4 0 1 
5 6 0 3 1 8 2 4 7 
4 7 2 6 5 0 1 3 0 
3 8 1 4 2 0 5 6 0 
 ////////////.....End.....  //////////
//////////////////..... Start.. //////////
0 2 3 8 4 1 7 5 6 
7 5 6 0 3 2 8 1 4 
8 1 4 7 6 5 0 2 3 
6 0 5 1 7 4 3 8 2 
1 4 8 2 0 3 6 7 5 
2 3 7 5 8 6 4 0 1 
5 6 0 3 1 8 2 4 7 
4 7 2 6 5 0 1 3 0 
3 8 1 4 2 0 5 6 0 
 ////////////.....End.....  //////////
//////////////////..... Start.. //////////
0 2 3 8 4 1 7 5 6 
7 5 6 0 3 2 8 1 4 
8 1 4 7 6 5 0 2 3 
6 0 5 1 7 4 3 8 2 
1 4 8 2 0 3 6 7 5 
2 3 7 5 8 6 4 0 1 
5 6 0 3 1 8 2 4 7 
4 7 2 6 5 0 1 3 8 
3 8 1 4 2 0 5 6 0 
 ////////////.....End.....  //////////
//////////////////..... Start.. //////////
0 2 3 8 4 1 7 5 6 
7 5 6 0 3 2 8 1 4 
8 1 4 7 6 5 0 2 3 
6 0 5 1 7 4 3 8 2 
1 4 8 2 0 3 6 7 5 
2 3 7 5 8 6 4 0 1 
5 6 0 3 1 8 2 4 7 
4 7 2 6 5 0 1 3 8 
3 8 1 4 2 7 5 6 0 
 ////////////.....End.....  //////////
//////////////////..... Start.. //////////
0 2 3 8 4 1 7 5 6 
7 5 6 0 3 2 8 1 4 
8 1 4 7 6 5 0 2 3 
6 0 5 1 7 4 3 8 2 
1 4 8 2 0 3 6 7 5 
2 3 7 5 8 6 4 0 1 
5 6 0 3 1 8 2 4 7 
4 7 2 6 5 0 1 3 8 
3 8 1 4 2 7 5 6 9 
 ////////////.....End.....  //////////
//////////////////..... Start.. //////////
0 2 3 8 4 1 7 5 6 
7 5 6 0 3 2 8 1 4 
8 1 4 7 6 5 0 2 3 
6 0 5 1 7 4 3 8 2 
1 4 8 2 0 3 6 7 5 
2 3 7 5 8 6 4 0 1 
5 6 0 3 1 8 2 4 7 
4 7 2 6 5 9 1 3 8 
3 8 1 4 2 7 5 6 9 
 ////////////.....End.....  //////////
//////////////////..... Start.. //////////
0 2 3 8 4 1 7 5 6 
7 5 6 0 3 2 8 1 4 
8 1 4 7 6 5 0 2 3 
6 0 5 1 7 4 3 8 2 
1 4 8 2 0 3 6 7 5 
2 3 7 5 8 6 4 0 1 
5 6 9 3 1 8 2 4 7 
4 7 2 6 5 9 1 3 8 
3 8 1 4 2 7 5 6 9 
 ////////////.....End.....  //////////
//////////////////..... Start.. //////////
0 2 3 8 4 1 7 5 6 
7 5 6 0 3 2 8 1 4 
8 1 4 7 6 5 0 2 3 
6 0 5 1 7 4 3 8 2 
1 4 8 2 0 3 6 7 5 
2 3 7 5 8 6 4 9 1 
5 6 9 3 1 8 2 4 7 
4 7 2 6 5 9 1 3 8 
3 8 1 4 2 7 5 6 9 
 ////////////.....End.....  //////////
//////////////////..... Start.. //////////
0 2 3 8 4 1 7 5 6 
7 5 6 0 3 2 8 1 4 
8 1 4 7 6 5 0 2 3 
6 0 5 1 7 4 3 8 2 
1 4 8 2 9 3 6 7 5 
2 3 7 5 8 6 4 9 1 
5 6 9 3 1 8 2 4 7 
4 7 2 6 5 9 1 3 8 
3 8 1 4 2 7 5 6 9 
 ////////////.....End.....  //////////
//////////////////..... Start.. //////////
0 2 3 8 4 1 7 5 6 
7 5 6 0 3 2 8 1 4 
8 1 4 7 6 5 0 2 3 
6 9 5 1 7 4 3 8 2 
1 4 8 2 9 3 6 7 5 
2 3 7 5 8 6 4 9 1 
5 6 9 3 1 8 2 4 7 
4 7 2 6 5 9 1 3 8 
3 8 1 4 2 7 5 6 9 
 ////////////.....End.....  //////////
//////////////////..... Start.. //////////
0 2 3 8 4 1 7 5 6 
7 5 6 0 3 2 8 1 4 
8 1 4 7 6 5 9 2 3 
6 9 5 1 7 4 3 8 2 
1 4 8 2 9 3 6 7 5 
2 3 7 5 8 6 4 9 1 
5 6 9 3 1 8 2 4 7 
4 7 2 6 5 9 1 3 8 
3 8 1 4 2 7 5 6 9 
 ////////////.....End.....  //////////
//////////////////..... Start.. //////////
0 2 3 8 4 1 7 5 6 
7 5 6 9 3 2 8 1 4 
8 1 4 7 6 5 9 2 3 
6 9 5 1 7 4 3 8 2 
1 4 8 2 9 3 6 7 5 
2 3 7 5 8 6 4 9 1 
5 6 9 3 1 8 2 4 7 
4 7 2 6 5 9 1 3 8 
3 8 1 4 2 7 5 6 9 
 ////////////.....End.....  //////////
//////////////////..... Start.. //////////
9 2 3 8 4 1 7 5 6 
7 5 6 9 3 2 8 1 4 
8 1 4 7 6 5 9 2 3 
6 9 5 1 7 4 3 8 2 
1 4 8 2 9 3 6 7 5 
2 3 7 5 8 6 4 9 1 
5 6 9 3 1 8 2 4 7 
4 7 2 6 5 9 1 3 8 
3 8 1 4 2 7 5 6 9 
 ////////////.....End.....  //////////
++
//////////////////..... Start.. Graph//////////
(0,1)...= { ,(1,2) ,(2,3) ,(3,4) ,(4,5) ,(5,6) ,(6,7) ,(7,8) ,(8,9) ,(9,0) ,(18,0) ,(27,0) ,(36,0) ,(45,0) ,(54,0) ,(63,0) ,(72,0) ,(10,0) ,(11,0) ,(19,0) ,(20,0)  }
(1,2)...= { ,(0,1) ,(2,3) ,(3,4) ,(4,5) ,(5,6) ,(6,7) ,(7,8) ,(8,9) ,(10,0) ,(19,0) ,(28,0) ,(37,0) ,(46,0) ,(55,0) ,(64,0) ,(73,0) ,(9,0) ,(11,0) ,(18,0) ,(20,0)  }
(2,3)...= { ,(0,1) ,(1,2) ,(3,4) ,(4,5) ,(5,6) ,(6,7) ,(7,8) ,(8,9) ,(11,0) ,(20,0) ,(29,0) ,(38,0) ,(47,0) ,(56,0) ,(65,0) ,(74,0) ,(9,0) ,(10,0) ,(18,0) ,(19,0)  }
(3,4)...= { ,(0,1) ,(1,2) ,(2,3) ,(4,5) ,(5,6) ,(6,7) ,(7,8) ,(8,9) ,(12,0) ,(21,0) ,(30,0) ,(39,0) ,(48,0) ,(57,0) ,(66,0) ,(75,0) ,(13,0) ,(14,0) ,(22,0) ,(23,0)  }
(4,5)...= { ,(0,1) ,(1,2) ,(2,3) ,(3,4) ,(5,6) ,(6,7) ,(7,8) ,(8,9) ,(13,0) ,(22,0) ,(31,0) ,(40,0) ,(49,0) ,(58,0) ,(67,0) ,(76,0) ,(12,0) ,(14,0) ,(21,0) ,(23,0)  }
(5,6)...= { ,(0,1) ,(1,2) ,(2,3) ,(3,4) ,(4,5) ,(6,7) ,(7,8) ,(8,9) ,(14,0) ,(23,0) ,(32,0) ,(41,0) ,(50,0) ,(59,0) ,(68,0) ,(77,0) ,(12,0) ,(13,0) ,(21,0) ,(22,0)  }
(6,7)...= { ,(0,1) ,(1,2) ,(2,3) ,(3,4) ,(4,5) ,(5,6) ,(7,8) ,(8,9) ,(15,0) ,(24,0) ,(33,0) ,(42,0) ,(51,0) ,(60,0) ,(69,0) ,(78,0) ,(16,0) ,(17,0) ,(25,0) ,(26,0)  }
(7,8)...= { ,(0,1) ,(1,2) ,(2,3) ,(3,4) ,(4,5) ,(5,6) ,(6,7) ,(8,9) ,(16,0) ,(25,0) ,(34,0) ,(43,0) ,(52,0) ,(61,0) ,(70,0) ,(79,0) ,(15,0) ,(17,0) ,(24,0) ,(26,0)  }
(8,9)...= { ,(0,1) ,(1,2) ,(2,3) ,(3,4) ,(4,5) ,(5,6) ,(6,7) ,(7,8) ,(17,0) ,(26,0) ,(35,0) ,(44,0) ,(53,0) ,(62,0) ,(71,0) ,(80,0) ,(15,0) ,(16,0) ,(24,0) ,(25,0)  }
(9,0)...= { ,(0,1) ,(10,0) ,(11,0) ,(12,0) ,(13,0) ,(14,0) ,(15,0) ,(16,0) ,(17,0) ,(18,0) ,(27,0) ,(36,0) ,(45,0) ,(54,0) ,(63,0) ,(72,0) ,(1,2) ,(2,3) ,(19,0) ,(20,0)  }
(10,0)...= { ,(1,2) ,(9,0) ,(11,0) ,(12,0) ,(13,0) ,(14,0) ,(15,0) ,(16,0) ,(17,0) ,(19,0) ,(28,0) ,(37,0) ,(46,0) ,(55,0) ,(64,0) ,(73,0) ,(0,1) ,(2,3) ,(18,0) ,(20,0)  }
(11,0)...= { ,(2,3) ,(9,0) ,(10,0) ,(12,0) ,(13,0) ,(14,0) ,(15,0) ,(16,0) ,(17,0) ,(20,0) ,(29,0) ,(38,0) ,(47,0) ,(56,0) ,(65,0) ,(74,0) ,(0,1) ,(1,2) ,(18,0) ,(19,0)  }
(12,0)...= { ,(3,4) ,(9,0) ,(10,0) ,(11,0) ,(13,0) ,(14,0) ,(15,0) ,(16,0) ,(17,0) ,(21,0) ,(30,0) ,(39,0) ,(48,0) ,(57,0) ,(66,0) ,(75,0) ,(4,5) ,(5,6) ,(22,0) ,(23,0)  }
(13,0)...= { ,(4,5) ,(9,0) ,(10,0) ,(11,0) ,(12,0) ,(14,0) ,(15,0) ,(16,0) ,(17,0) ,(22,0) ,(31,0) ,(40,0) ,(49,0) ,(58,0) ,(67,0) ,(76,0) ,(3,4) ,(5,6) ,(21,0) ,(23,0)  }
(14,0)...= { ,(5,6) ,(9,0) ,(10,0) ,(11,0) ,(12,0) ,(13,0) ,(15,0) ,(16,0) ,(17,0) ,(23,0) ,(32,0) ,(41,0) ,(50,0) ,(59,0) ,(68,0) ,(77,0) ,(3,4) ,(4,5) ,(21,0) ,(22,0)  }
(15,0)...= { ,(6,7) ,(9,0) ,(10,0) ,(11,0) ,(12,0) ,(13,0) ,(14,0) ,(16,0) ,(17,0) ,(24,0) ,(33,0) ,(42,0) ,(51,0) ,(60,0) ,(69,0) ,(78,0) ,(7,8) ,(8,9) ,(25,0) ,(26,0)  }
(16,0)...= { ,(7,8) ,(9,0) ,(10,0) ,(11,0) ,(12,0) ,(13,0) ,(14,0) ,(15,0) ,(17,0) ,(25,0) ,(34,0) ,(43,0) ,(52,0) ,(61,0) ,(70,0) ,(79,0) ,(6,7) ,(8,9) ,(24,0) ,(26,0)  }
(17,0)...= { ,(8,9) ,(9,0) ,(10,0) ,(11,0) ,(12,0) ,(13,0) ,(14,0) ,(15,0) ,(16,0) ,(26,0) ,(35,0) ,(44,0) ,(53,0) ,(62,0) ,(71,0) ,(80,0) ,(6,7) ,(7,8) ,(24,0) ,(25,0)  }
(18,0)...= { ,(0,1) ,(9,0) ,(19,0) ,(20,0) ,(21,0) ,(22,0) ,(23,0) ,(24,0) ,(25,0) ,(26,0) ,(27,0) ,(36,0) ,(45,0) ,(54,0) ,(63,0) ,(72,0) ,(1,2) ,(2,3) ,(10,0) ,(11,0)  }
(19,0)...= { ,(1,2) ,(10,0) ,(18,0) ,(20,0) ,(21,0) ,(22,0) ,(23,0) ,(24,0) ,(25,0) ,(26,0) ,(28,0) ,(37,0) ,(46,0) ,(55,0) ,(64,0) ,(73,0) ,(0,1) ,(2,3) ,(9,0) ,(11,0)  }
(20,0)...= { ,(2,3) ,(11,0) ,(18,0) ,(19,0) ,(21,0) ,(22,0) ,(23,0) ,(24,0) ,(25,0) ,(26,0) ,(29,0) ,(38,0) ,(47,0) ,(56,0) ,(65,0) ,(74,0) ,(0,1) ,(1,2) ,(9,0) ,(10,0)  }
(21,0)...= { ,(3,4) ,(12,0) ,(18,0) ,(19,0) ,(20,0) ,(22,0) ,(23,0) ,(24,0) ,(25,0) ,(26,0) ,(30,0) ,(39,0) ,(48,0) ,(57,0) ,(66,0) ,(75,0) ,(4,5) ,(5,6) ,(13,0) ,(14,0)  }
(22,0)...= { ,(4,5) ,(13,0) ,(18,0) ,(19,0) ,(20,0) ,(21,0) ,(23,0) ,(24,0) ,(25,0) ,(26,0) ,(31,0) ,(40,0) ,(49,0) ,(58,0) ,(67,0) ,(76,0) ,(3,4) ,(5,6) ,(12,0) ,(14,0)  }
(23,0)...= { ,(5,6) ,(14,0) ,(18,0) ,(19,0) ,(20,0) ,(21,0) ,(22,0) ,(24,0) ,(25,0) ,(26,0) ,(32,0) ,(41,0) ,(50,0) ,(59,0) ,(68,0) ,(77,0) ,(3,4) ,(4,5) ,(12,0) ,(13,0)  }
(24,0)...= { ,(6,7) ,(15,0) ,(18,0) ,(19,0) ,(20,0) ,(21,0) ,(22,0) ,(23,0) ,(25,0) ,(26,0) ,(33,0) ,(42,0) ,(51,0) ,(60,0) ,(69,0) ,(78,0) ,(7,8) ,(8,9) ,(16,0) ,(17,0)  }
(25,0)...= { ,(7,8) ,(16,0) ,(18,0) ,(19,0) ,(20,0) ,(21,0) ,(22,0) ,(23,0) ,(24,0) ,(26,0) ,(34,0) ,(43,0) ,(52,0) ,(61,0) ,(70,0) ,(79,0) ,(6,7) ,(8,9) ,(15,0) ,(17,0)  }
(26,0)...= { ,(8,9) ,(17,0) ,(18,0) ,(19,0) ,(20,0) ,(21,0) ,(22,0) ,(23,0) ,(24,0) ,(25,0) ,(35,0) ,(44,0) ,(53,0) ,(62,0) ,(71,0) ,(80,0) ,(6,7) ,(7,8) ,(15,0) ,(16,0)  }
(27,0)...= { ,(0,1) ,(9,0) ,(18,0) ,(28,0) ,(29,0) ,(30,0) ,(31,0) ,(32,0) ,(33,0) ,(34,0) ,(35,0) ,(36,0) ,(45,0) ,(54,0) ,(63,0) ,(72,0) ,(37,0) ,(38,0) ,(46,0) ,(47,0)  }
(28,0)...= { ,(1,2) ,(10,0) ,(19,0) ,(27,0) ,(29,0) ,(30,0) ,(31,0) ,(32,0) ,(33,0) ,(34,0) ,(35,0) ,(37,0) ,(46,0) ,(55,0) ,(64,0) ,(73,0) ,(36,0) ,(38,0) ,(45,0) ,(47,0)  }
(29,0)...= { ,(2,3) ,(11,0) ,(20,0) ,(27,0) ,(28,0) ,(30,0) ,(31,0) ,(32,0) ,(33,0) ,(34,0) ,(35,0) ,(38,0) ,(47,0) ,(56,0) ,(65,0) ,(74,0) ,(36,0) ,(37,0) ,(45,0) ,(46,0)  }
(30,0)...= { ,(3,4) ,(12,0) ,(21,0) ,(27,0) ,(28,0) ,(29,0) ,(31,0) ,(32,0) ,(33,0) ,(34,0) ,(35,0) ,(39,0) ,(48,0) ,(57,0) ,(66,0) ,(75,0) ,(40,0) ,(41,0) ,(49,0) ,(50,0)  }
(31,0)...= { ,(4,5) ,(13,0) ,(22,0) ,(27,0) ,(28,0) ,(29,0) ,(30,0) ,(32,0) ,(33,0) ,(34,0) ,(35,0) ,(40,0) ,(49,0) ,(58,0) ,(67,0) ,(76,0) ,(39,0) ,(41,0) ,(48,0) ,(50,0)  }
(32,0)...= { ,(5,6) ,(14,0) ,(23,0) ,(27,0) ,(28,0) ,(29,0) ,(30,0) ,(31,0) ,(33,0) ,(34,0) ,(35,0) ,(41,0) ,(50,0) ,(59,0) ,(68,0) ,(77,0) ,(39,0) ,(40,0) ,(48,0) ,(49,0)  }
(33,0)...= { ,(6,7) ,(15,0) ,(24,0) ,(27,0) ,(28,0) ,(29,0) ,(30,0) ,(31,0) ,(32,0) ,(34,0) ,(35,0) ,(42,0) ,(51,0) ,(60,0) ,(69,0) ,(78,0) ,(43,0) ,(44,0) ,(52,0) ,(53,0)  }
(34,0)...= { ,(7,8) ,(16,0) ,(25,0) ,(27,0) ,(28,0) ,(29,0) ,(30,0) ,(31,0) ,(32,0) ,(33,0) ,(35,0) ,(43,0) ,(52,0) ,(61,0) ,(70,0) ,(79,0) ,(42,0) ,(44,0) ,(51,0) ,(53,0)  }
(35,0)...= { ,(8,9) ,(17,0) ,(26,0) ,(27,0) ,(28,0) ,(29,0) ,(30,0) ,(31,0) ,(32,0) ,(33,0) ,(34,0) ,(44,0) ,(53,0) ,(62,0) ,(71,0) ,(80,0) ,(42,0) ,(43,0) ,(51,0) ,(52,0)  }
(36,0)...= { ,(0,1) ,(9,0) ,(18,0) ,(27,0) ,(37,0) ,(38,0) ,(39,0) ,(40,0) ,(41,0) ,(42,0) ,(43,0) ,(44,0) ,(45,0) ,(54,0) ,(63,0) ,(72,0) ,(28,0) ,(29,0) ,(46,0) ,(47,0)  }
(37,0)...= { ,(1,2) ,(10,0) ,(19,0) ,(28,0) ,(36,0) ,(38,0) ,(39,0) ,(40,0) ,(41,0) ,(42,0) ,(43,0) ,(44,0) ,(46,0) ,(55,0) ,(64,0) ,(73,0) ,(27,0) ,(29,0) ,(45,0) ,(47,0)  }
(38,0)...= { ,(2,3) ,(11,0) ,(20,0) ,(29,0) ,(36,0) ,(37,0) ,(39,0) ,(40,0) ,(41,0) ,(42,0) ,(43,0) ,(44,0) ,(47,0) ,(56,0) ,(65,0) ,(74,0) ,(27,0) ,(28,0) ,(45,0) ,(46,0)  }
(39,0)...= { ,(3,4) ,(12,0) ,(21,0) ,(30,0) ,(36,0) ,(37,0) ,(38,0) ,(40,0) ,(41,0) ,(42,0) ,(43,0) ,(44,0) ,(48,0) ,(57,0) ,(66,0) ,(75,0) ,(31,0) ,(32,0) ,(49,0) ,(50,0)  }
(40,0)...= { ,(4,5) ,(13,0) ,(22,0) ,(31,0) ,(36,0) ,(37,0) ,(38,0) ,(39,0) ,(41,0) ,(42,0) ,(43,0) ,(44,0) ,(49,0) ,(58,0) ,(67,0) ,(76,0) ,(30,0) ,(32,0) ,(48,0) ,(50,0)  }
(41,0)...= { ,(5,6) ,(14,0) ,(23,0) ,(32,0) ,(36,0) ,(37,0) ,(38,0) ,(39,0) ,(40,0) ,(42,0) ,(43,0) ,(44,0) ,(50,0) ,(59,0) ,(68,0) ,(77,0) ,(30,0) ,(31,0) ,(48,0) ,(49,0)  }
(42,0)...= { ,(6,7) ,(15,0) ,(24,0) ,(33,0) ,(36,0) ,(37,0) ,(38,0) ,(39,0) ,(40,0) ,(41,0) ,(43,0) ,(44,0) ,(51,0) ,(60,0) ,(69,0) ,(78,0) ,(34,0) ,(35,0) ,(52,0) ,(53,0)  }
(43,0)...= { ,(7,8) ,(16,0) ,(25,0) ,(34,0) ,(36,0) ,(37,0) ,(38,0) ,(39,0) ,(40,0) ,(41,0) ,(42,0) ,(44,0) ,(52,0) ,(61,0) ,(70,0) ,(79,0) ,(33,0) ,(35,0) ,(51,0) ,(53,0)  }
(44,0)...= { ,(8,9) ,(17,0) ,(26,0) ,(35,0) ,(36,0) ,(37,0) ,(38,0) ,(39,0) ,(40,0) ,(41,0) ,(42,0) ,(43,0) ,(53,0) ,(62,0) ,(71,0) ,(80,0) ,(33,0) ,(34,0) ,(51,0) ,(52,0)  }
(45,0)...= { ,(0,1) ,(9,0) ,(18,0) ,(27,0) ,(36,0) ,(46,0) ,(47,0) ,(48,0) ,(49,0) ,(50,0) ,(51,0) ,(52,0) ,(53,0) ,(54,0) ,(63,0) ,(72,0) ,(28,0) ,(29,0) ,(37,0) ,(38,0)  }
(46,0)...= { ,(1,2) ,(10,0) ,(19,0) ,(28,0) ,(37,0) ,(45,0) ,(47,0) ,(48,0) ,(49,0) ,(50,0) ,(51,0) ,(52,0) ,(53,0) ,(55,0) ,(64,0) ,(73,0) ,(27,0) ,(29,0) ,(36,0) ,(38,0)  }
(47,0)...= { ,(2,3) ,(11,0) ,(20,0) ,(29,0) ,(38,0) ,(45,0) ,(46,0) ,(48,0) ,(49,0) ,(50,0) ,(51,0) ,(52,0) ,(53,0) ,(56,0) ,(65,0) ,(74,0) ,(27,0) ,(28,0) ,(36,0) ,(37,0)  }
(48,0)...= { ,(3,4) ,(12,0) ,(21,0) ,(30,0) ,(39,0) ,(45,0) ,(46,0) ,(47,0) ,(49,0) ,(50,0) ,(51,0) ,(52,0) ,(53,0) ,(57,0) ,(66,0) ,(75,0) ,(31,0) ,(32,0) ,(40,0) ,(41,0)  }
(49,0)...= { ,(4,5) ,(13,0) ,(22,0) ,(31,0) ,(40,0) ,(45,0) ,(46,0) ,(47,0) ,(48,0) ,(50,0) ,(51,0) ,(52,0) ,(53,0) ,(58,0) ,(67,0) ,(76,0) ,(30,0) ,(32,0) ,(39,0) ,(41,0)  }
(50,0)...= { ,(5,6) ,(14,0) ,(23,0) ,(32,0) ,(41,0) ,(45,0) ,(46,0) ,(47,0) ,(48,0) ,(49,0) ,(51,0) ,(52,0) ,(53,0) ,(59,0) ,(68,0) ,(77,0) ,(30,0) ,(31,0) ,(39,0) ,(40,0)  }
(51,0)...= { ,(6,7) ,(15,0) ,(24,0) ,(33,0) ,(42,0) ,(45,0) ,(46,0) ,(47,0) ,(48,0) ,(49,0) ,(50,0) ,(52,0) ,(53,0) ,(60,0) ,(69,0) ,(78,0) ,(34,0) ,(35,0) ,(43,0) ,(44,0)  }
(52,0)...= { ,(7,8) ,(16,0) ,(25,0) ,(34,0) ,(43,0) ,(45,0) ,(46,0) ,(47,0) ,(48,0) ,(49,0) ,(50,0) ,(51,0) ,(53,0) ,(61,0) ,(70,0) ,(79,0) ,(33,0) ,(35,0) ,(42,0) ,(44,0)  }
(53,0)...= { ,(8,9) ,(17,0) ,(26,0) ,(35,0) ,(44,0) ,(45,0) ,(46,0) ,(47,0) ,(48,0) ,(49,0) ,(50,0) ,(51,0) ,(52,0) ,(62,0) ,(71,0) ,(80,0) ,(33,0) ,(34,0) ,(42,0) ,(43,0)  }
(54,0)...= { ,(0,1) ,(9,0) ,(18,0) ,(27,0) ,(36,0) ,(45,0) ,(55,0) ,(56,0) ,(57,0) ,(58,0) ,(59,0) ,(60,0) ,(61,0) ,(62,0) ,(63,0) ,(72,0) ,(64,0) ,(65,0) ,(73,0) ,(74,0)  }
(55,0)...= { ,(1,2) ,(10,0) ,(19,0) ,(28,0) ,(37,0) ,(46,0) ,(54,0) ,(56,0) ,(57,0) ,(58,0) ,(59,0) ,(60,0) ,(61,0) ,(62,0) ,(64,0) ,(73,0) ,(63,0) ,(65,0) ,(72,0) ,(74,0)  }
(56,0)...= { ,(2,3) ,(11,0) ,(20,0) ,(29,0) ,(38,0) ,(47,0) ,(54,0) ,(55,0) ,(57,0) ,(58,0) ,(59,0) ,(60,0) ,(61,0) ,(62,0) ,(65,0) ,(74,0) ,(63,0) ,(64,0) ,(72,0) ,(73,0)  }
(57,0)...= { ,(3,4) ,(12,0) ,(21,0) ,(30,0) ,(39,0) ,(48,0) ,(54,0) ,(55,0) ,(56,0) ,(58,0) ,(59,0) ,(60,0) ,(61,0) ,(62,0) ,(66,0) ,(75,0) ,(67,0) ,(68,0) ,(76,0) ,(77,0)  }
(58,0)...= { ,(4,5) ,(13,0) ,(22,0) ,(31,0) ,(40,0) ,(49,0) ,(54,0) ,(55,0) ,(56,0) ,(57,0) ,(59,0) ,(60,0) ,(61,0) ,(62,0) ,(67,0) ,(76,0) ,(66,0) ,(68,0) ,(75,0) ,(77,0)  }
(59,0)...= { ,(5,6) ,(14,0) ,(23,0) ,(32,0) ,(41,0) ,(50,0) ,(54,0) ,(55,0) ,(56,0) ,(57,0) ,(58,0) ,(60,0) ,(61,0) ,(62,0) ,(68,0) ,(77,0) ,(66,0) ,(67,0) ,(75,0) ,(76,0)  }
(60,0)...= { ,(6,7) ,(15,0) ,(24,0) ,(33,0) ,(42,0) ,(51,0) ,(54,0) ,(55,0) ,(56,0) ,(57,0) ,(58,0) ,(59,0) ,(61,0) ,(62,0) ,(69,0) ,(78,0) ,(70,0) ,(71,0) ,(79,0) ,(80,0)  }
(61,0)...= { ,(7,8) ,(16,0) ,(25,0) ,(34,0) ,(43,0) ,(52,0) ,(54,0) ,(55,0) ,(56,0) ,(57,0) ,(58,0) ,(59,0) ,(60,0) ,(62,0) ,(70,0) ,(79,0) ,(69,0) ,(71,0) ,(78,0) ,(80,0)  }
(62,0)...= { ,(8,9) ,(17,0) ,(26,0) ,(35,0) ,(44,0) ,(53,0) ,(54,0) ,(55,0) ,(56,0) ,(57,0) ,(58,0) ,(59,0) ,(60,0) ,(61,0) ,(71,0) ,(80,0) ,(69,0) ,(70,0) ,(78,0) ,(79,0)  }
(63,0)...= { ,(0,1) ,(9,0) ,(18,0) ,(27,0) ,(36,0) ,(45,0) ,(54,0) ,(64,0) ,(65,0) ,(66,0) ,(67,0) ,(68,0) ,(69,0) ,(70,0) ,(71,0) ,(72,0) ,(55,0) ,(56,0) ,(73,0) ,(74,0)  }
(64,0)...= { ,(1,2) ,(10,0) ,(19,0) ,(28,0) ,(37,0) ,(46,0) ,(55,0) ,(63,0) ,(65,0) ,(66,0) ,(67,0) ,(68,0) ,(69,0) ,(70,0) ,(71,0) ,(73,0) ,(54,0) ,(56,0) ,(72,0) ,(74,0)  }
(65,0)...= { ,(2,3) ,(11,0) ,(20,0) ,(29,0) ,(38,0) ,(47,0) ,(56,0) ,(63,0) ,(64,0) ,(66,0) ,(67,0) ,(68,0) ,(69,0) ,(70,0) ,(71,0) ,(74,0) ,(54,0) ,(55,0) ,(72,0) ,(73,0)  }
(66,0)...= { ,(3,4) ,(12,0) ,(21,0) ,(30,0) ,(39,0) ,(48,0) ,(57,0) ,(63,0) ,(64,0) ,(65,0) ,(67,0) ,(68,0) ,(69,0) ,(70,0) ,(71,0) ,(75,0) ,(58,0) ,(59,0) ,(76,0) ,(77,0)  }
(67,0)...= { ,(4,5) ,(13,0) ,(22,0) ,(31,0) ,(40,0) ,(49,0) ,(58,0) ,(63,0) ,(64,0) ,(65,0) ,(66,0) ,(68,0) ,(69,0) ,(70,0) ,(71,0) ,(76,0) ,(57,0) ,(59,0) ,(75,0) ,(77,0)  }
(68,0)...= { ,(5,6) ,(14,0) ,(23,0) ,(32,0) ,(41,0) ,(50,0) ,(59,0) ,(63,0) ,(64,0) ,(65,0) ,(66,0) ,(67,0) ,(69,0) ,(70,0) ,(71,0) ,(77,0) ,(57,0) ,(58,0) ,(75,0) ,(76,0)  }
(69,0)...= { ,(6,7) ,(15,0) ,(24,0) ,(33,0) ,(42,0) ,(51,0) ,(60,0) ,(63,0) ,(64,0) ,(65,0) ,(66,0) ,(67,0) ,(68,0) ,(70,0) ,(71,0) ,(78,0) ,(61,0) ,(62,0) ,(79,0) ,(80,0)  }
(70,0)...= { ,(7,8) ,(16,0) ,(25,0) ,(34,0) ,(43,0) ,(52,0) ,(61,0) ,(63,0) ,(64,0) ,(65,0) ,(66,0) ,(67,0) ,(68,0) ,(69,0) ,(71,0) ,(79,0) ,(60,0) ,(62,0) ,(78,0) ,(80,0)  }
(71,0)...= { ,(8,9) ,(17,0) ,(26,0) ,(35,0) ,(44,0) ,(53,0) ,(62,0) ,(63,0) ,(64,0) ,(65,0) ,(66,0) ,(67,0) ,(68,0) ,(69,0) ,(70,0) ,(80,0) ,(60,0) ,(61,0) ,(78,0) ,(79,0)  }
(72,0)...= { ,(0,1) ,(9,0) ,(18,0) ,(27,0) ,(36,0) ,(45,0) ,(54,0) ,(63,0) ,(73,0) ,(74,0) ,(75,0) ,(76,0) ,(77,0) ,(78,0) ,(79,0) ,(80,0) ,(55,0) ,(56,0) ,(64,0) ,(65,0)  }
(73,0)...= { ,(1,2) ,(10,0) ,(19,0) ,(28,0) ,(37,0) ,(46,0) ,(55,0) ,(64,0) ,(72,0) ,(74,0) ,(75,0) ,(76,0) ,(77,0) ,(78,0) ,(79,0) ,(80,0) ,(54,0) ,(56,0) ,(63,0) ,(65,0)  }
(74,0)...= { ,(2,3) ,(11,0) ,(20,0) ,(29,0) ,(38,0) ,(47,0) ,(56,0) ,(65,0) ,(72,0) ,(73,0) ,(75,0) ,(76,0) ,(77,0) ,(78,0) ,(79,0) ,(80,0) ,(54,0) ,(55,0) ,(63,0) ,(64,0)  }
(75,0)...= { ,(3,4) ,(12,0) ,(21,0) ,(30,0) ,(39,0) ,(48,0) ,(57,0) ,(66,0) ,(72,0) ,(73,0) ,(74,0) ,(76,0) ,(77,0) ,(78,0) ,(79,0) ,(80,0) ,(58,0) ,(59,0) ,(67,0) ,(68,0)  }
(76,0)...= { ,(4,5) ,(13,0) ,(22,0) ,(31,0) ,(40,0) ,(49,0) ,(58,0) ,(67,0) ,(72,0) ,(73,0) ,(74,0) ,(75,0) ,(77,0) ,(78,0) ,(79,0) ,(80,0) ,(57,0) ,(59,0) ,(66,0) ,(68,0)  }
(77,0)...= { ,(5,6) ,(14,0) ,(23,0) ,(32,0) ,(41,0) ,(50,0) ,(59,0) ,(68,0) ,(72,0) ,(73,0) ,(74,0) ,(75,0) ,(76,0) ,(78,0) ,(79,0) ,(80,0) ,(57,0) ,(58,0) ,(66,0) ,(67,0)  }
(78,0)...= { ,(6,7) ,(15,0) ,(24,0) ,(33,0) ,(42,0) ,(51,0) ,(60,0) ,(69,0) ,(72,0) ,(73,0) ,(74,0) ,(75,0) ,(76,0) ,(77,0) ,(79,0) ,(80,0) ,(61,0) ,(62,0) ,(70,0) ,(71,0)  }
(79,0)...= { ,(7,8) ,(16,0) ,(25,0) ,(34,0) ,(43,0) ,(52,0) ,(61,0) ,(70,0) ,(72,0) ,(73,0) ,(74,0) ,(75,0) ,(76,0) ,(77,0) ,(78,0) ,(80,0) ,(60,0) ,(62,0) ,(69,0) ,(71,0)  }
(80,0)...= { ,(8,9) ,(17,0) ,(26,0) ,(35,0) ,(44,0) ,(53,0) ,(62,0) ,(71,0) ,(72,0) ,(73,0) ,(74,0) ,(75,0) ,(76,0) ,(77,0) ,(78,0) ,(79,0) ,(60,0) ,(61,0) ,(69,0) ,(70,0)  }
 ////////////.....End.....  Graph//////////
++
//////////////////..... Start.. //////////
1 2 3 4 5 6 7 8 9 
0 0 0 0 0 0 0 0 0 
0 0 0 0 0 0 0 2 0 
0 0 0 0 0 0 0 0 2 
1 0 0 2 0 0 0 0 0 
2 0 0 0 0 0 0 0 1 
0 0 0 0 1 0 0 0 0 
0 0 2 0 0 0 1 0 0 
0 0 1 0 2 0 0 0 0 
 ////////////.....End.....  //////////
//////////////////..... Start.. //////////
1 2 3 4 5 6 7 8 9 
0 0 0 0 0 0 0 6 0 
0 6 0 0 0 0 0 2 0 
0 0 0 0 0 0 0 0 2 
1 0 0 2 0 0 0 0 0 
2 0 0 0 0 0 0 0 1 
0 0 0 0 1 0 0 0 0 
0 0 2 0 0 0 1 0 0 
0 0 1 0 2 0 0 0 0 
 ////////////.....End.....  //////////
//////////////////..... Start.. //////////
1 2 3 4 5 6 7 8 9 
0 0 0 0 0 1 0 6 0 
0 6 0 0 0 0 0 2 0 
0 0 0 0 0 0 0 0 2 
1 0 0 2 0 0 0 0 0 
2 0 0 0 0 0 0 0 1 
0 0 0 0 1 0 0 0 0 
0 0 2 0 0 0 1 0 0 
0 0 1 0 2 0 0 0 0 
 ////////////.....End.....  //////////
//////////////////..... Start.. //////////
1 2 3 4 5 6 7 8 9 
0 0 0 0 0 1 0 6 0 
0 6 0 0 0 0 0 2 0 
0 0 0 0 0 0 0 0 2 
1 0 0 2 0 0 0 0 0 
2 0 0 0 0 0 0 0 1 
0 0 0 0 1 0 2 0 0 
0 0 2 0 0 0 1 0 0 
0 0 1 0 2 0 0 0 0 
 ////////////.....End.....  //////////
//////////////////..... Start.. //////////
1 2 3 4 5 6 7 8 9 
0 0 0 0 0 1 0 6 0 
0 6 0 0 0 0 0 2 0 
0 0 0 1 0 0 0 0 2 
1 0 0 2 0 0 0 0 0 
2 0 0 0 0 0 0 0 1 
0 0 0 0 1 0 2 0 0 
0 0 2 0 0 0 1 0 0 
0 0 1 0 2 0 0 0 0 
 ////////////.....End.....  //////////
//////////////////..... Start.. //////////
1 2 3 4 5 6 7 8 9 
0 0 0 0 0 1 0 6 0 
0 6 0 0 0 0 0 2 0 
0 0 0 1 0 0 0 0 2 
1 0 0 2 0 0 0 0 0 
2 0 0 0 0 0 0 0 1 
0 0 0 3 1 0 2 0 0 
0 0 2 0 0 0 1 0 0 
0 0 1 0 2 0 0 0 0 
 ////////////.....End.....  //////////
//////////////////..... Start.. //////////
1 2 3 4 5 6 7 8 9 
0 0 0 0 0 1 0 6 0 
0 6 0 0 0 0 0 2 0 
0 0 0 1 0 0 3 0 2 
1 0 0 2 0 0 0 0 0 
2 0 0 0 0 0 0 0 1 
0 0 0 3 1 0 2 0 0 
0 0 2 0 0 0 1 0 0 
0 0 1 0 2 0 0 0 0 
 ////////////.....End.....  //////////
//////////////////..... Start.. //////////
1 2 3 4 5 6 7 8 9 
0 0 0 0 0 1 0 6 0 
0 6 0 0 0 0 0 2 0 
0 0 0 1 0 0 3 0 2 
1 0 0 2 0 3 0 0 0 
2 0 0 0 0 0 0 0 1 
0 0 0 3 1 0 2 0 0 
0 0 2 0 0 0 1 0 0 
0 0 1 0 2 0 0 0 0 
 ////////////.....End.....  //////////
//////////////////..... Start.. //////////
1 2 3 4 5 6 7 8 9 
0 0 0 0 0 1 0 6 0 
0 6 0 0 0 0 0 2 0 
0 0 0 1 0 0 3 0 2 
1 0 0 2 0 3 0 0 0 
2 3 0 0 0 0 0 0 1 
0 0 0 3 1 0 2 0 0 
0 0 2 0 0 0 1 0 0 
0 0 1 0 2 0 0 0 0 
 ////////////.....End.....  //////////
//////////////////..... Start.. //////////
1 2 3 4 5 6 7 8 9 
0 0 0 0 0 1 0 6 0 
0 6 0 0 0 0 0 2 0 
0 0 0 1 0 0 3 0 2 
1 0 0 2 0 3 0 0 0 
2 3 0 0 0 0 0 0 1 
0 0 0 3 1 0 2 0 0 
0 0 2 0 0 0 1 3 0 
0 0 1 0 2 0 0 0 0 
 ////////////.....End.....  //////////
//////////////////..... Start.. //////////
1 2 3 4 5 6 7 8 9 
0 0 0 0 0 1 0 6 0 
0 6 0 0 0 0 0 2 0 
0 0 0 1 0 0 3 0 2 
1 0 0 2 0 3 0 0 0 
2 3 0 0 0 0 0 0 1 
0 0 0 3 1 0 2 0 0 
0 0 2 0 0 0 1 3 0 
3 0 1 0 2 0 0 0 0 
 ////////////.....End.....  //////////
//////////////////..... Start.. //////////
1 2 3 4 5 6 7 8 9 
0 0 0 0 0 1 0 6 0 
0 6 0 0 0 0 0 2 3 
0 0 0 1 0 0 3 0 2 
1 0 0 2 0 3 0 0 0 
2 3 0 0 0 0 0 0 1 
0 0 0 3 1 0 2 0 0 
0 0 2 0 0 0 1 3 0 
3 0 1 0 2 0 0 0 0 
 ////////////.....End.....  //////////
//////////////////..... Start.. //////////
1 2 3 4 5 6 7 8 9 
0 0 0 0 3 1 0 6 0 
0 6 0 0 0 0 0 2 3 
0 0 0 1 0 0 3 0 2 
1 0 0 2 0 3 0 0 0 
2 3 0 0 0 0 0 0 1 
0 0 0 3 1 0 2 0 0 
0 0 2 0 0 0 1 3 0 
3 0 1 0 2 0 0 0 0 
 ////////////.....End.....  //////////
//////////////////..... Start.. //////////
1 2 3 4 5 6 7 8 9 
0 0 0 0 3 1 0 6 0 
0 6 0 0 0 0 0 2 3 
0 0 0 1 0 0 3 0 2 
1 0 0 2 0 3 0 0 0 
2 3 0 0 0 0 0 0 1 
0 0 0 3 1 0 2 0 0 
0 0 2 0 0 0 1 3 0 
3 0 1 0 2 0 0 0 0 
 ////////////.....End.....  //////////
//////////////////..... Start.. //////////
1 2 3 4 5 6 7 8 9 
0 0 0 0 3 1 0 6 0 
0 6 4 0 0 0 0 2 3 
0 0 0 1 0 0 3 0 2 
1 0 0 2 0 3 0 0 0 
2 3 0 0 0 0 0 0 1 
0 0 0 3 1 0 2 0 0 
0 0 2 0 0 0 1 3 0 
3 0 1 0 2 0 0 0 0 
 ////////////.....End.....  //////////
//////////////////..... Start.. //////////
1 2 3 4 5 6 7 8 9 
0 0 0 0 3 1 0 6 0 
0 6 4 0 0 0 0 2 3 
0 0 0 1 0 0 3 0 2 
1 0 0 2 0 3 0 0 0 
2 3 0 0 0 0 0 0 1 
0 0 0 3 1 0 2 0 0 
4 0 2 0 0 0 1 3 0 
3 0 1 0 2 0 0 0 0 
 ////////////.....End.....  //////////
//////////////////..... Start.. //////////
1 2 3 4 5 6 7 8 9 
0 0 0 0 3 1 0 6 0 
0 6 4 0 0 0 0 2 3 
0 0 0 1 0 0 3 0 2 
1 4 0 2 0 3 0 0 0 
2 3 0 0 0 0 0 0 1 
0 0 0 3 1 0 2 0 0 
4 0 2 0 0 0 1 3 0 
3 0 1 0 2 0 0 0 0 
 ////////////.....End.....  //////////
//////////////////..... Start.. //////////
1 2 3 4 5 6 7 8 9 
0 0 0 0 3 1 0 6 0 
0 6 4 0 0 0 0 2 3 
0 0 0 1 0 4 3 0 2 
1 4 0 2 0 3 0 0 0 
2 3 0 0 0 0 0 0 1 
0 0 0 3 1 0 2 0 0 
4 0 2 0 0 0 1 3 0 
3 0 1 0 2 0 0 0 0 
 ////////////.....End.....  //////////
//////////////////..... Start.. //////////
1 2 3 4 5 6 7 8 9 
0 0 0 0 3 1 0 6 0 
0 6 4 0 0 0 0 2 3 
0 0 0 1 0 4 3 0 2 
1 4 0 2 0 3 0 0 0 
2 3 0 0 0 0 0 0 1 
0 0 0 3 1 0 2 0 0 
4 0 2 0 0 0 1 3 0 
3 0 1 0 2 0 0 0 0 
 ////////////.....End.....  //////////
//////////////////..... Start.. //////////
1 2 3 4 5 6 7 8 9 
0 0 0 0 3 1 0 6 4 
0 6 4 0 0 0 0 2 3 
0 0 0 1 0 4 3 0 2 
1 4 0 2 0 3 0 0 0 
2 3 0 0 0 0 0 0 1 
0 0 0 3 1 0 2 0 0 
4 0 2 0 0 0 1 3 0 
3 0 1 0 2 0 0 0 0 
 ////////////.....End.....  //////////
//////////////////..... Start.. //////////
1 2 3 4 5 6 7 8 9 
0 0 0 0 3 1 0 6 4 
0 6 4 0 0 0 0 2 3 
0 0 0 1 0 4 3 0 2 
1 4 0 2 0 3 0 0 0 
2 3 0 0 0 0 4 0 1 
0 0 0 3 1 0 2 0 0 
4 0 2 0 0 0 1 3 0 
3 0 1 0 2 0 0 0 0 
 ////////////.....End.....  //////////
//////////////////..... Start.. //////////
1 2 3 4 5 6 7 8 9 
0 0 0 0 3 1 0 6 4 
0 6 4 0 0 0 0 2 3 
0 0 0 1 0 4 3 0 2 
1 4 0 2 0 3 0 0 0 
2 3 0 0 0 0 4 0 1 
0 0 0 3 1 0 2 0 0 
4 0 2 0 0 0 1 3 0 
3 0 1 5 2 0 0 0 0 
 ////////////.....End.....  //////////
//////////////////..... Start.. //////////
1 2 3 4 5 6 7 8 9 
0 0 0 0 3 1 0 6 4 
0 6 4 0 0 0 0 2 3 
0 0 0 1 0 4 3 0 2 
1 4 0 2 0 3 0 0 0 
2 3 0 0 0 0 4 0 1 
0 0 0 3 1 0 2 4 0 
4 0 2 0 0 0 1 3 0 
3 0 1 5 2 0 0 0 0 
 ////////////.....End.....  //////////
//////////////////..... Start.. //////////
1 2 3 4 5 6 7 8 9 
0 0 0 0 3 1 0 6 4 
0 6 4 0 0 0 0 2 3 
0 0 0 1 0 4 3 0 2 
1 4 0 2 0 3 0 0 0 
2 3 0 0 0 0 4 0 1 
0 0 0 3 1 0 2 4 0 
4 0 2 0 0 0 1 3 0 
3 0 1 5 2 0 6 0 0 
 ////////////.....End.....  //////////
//////////////////..... Start.. //////////
1 2 3 4 5 6 7 8 9 
0 0 0 0 3 1 0 6 4 
0 6 4 0 0 0 0 2 3 
0 0 0 1 0 4 3 0 2 
1 4 0 2 0 3 0 0 0 
2 3 0 0 0 0 4 0 1 
0 0 0 3 1 0 2 4 0 
4 0 2 0 0 0 1 3 0 
3 0 1 5 2 0 6 0 0 
 ////////////.....End.....  //////////
//////////////////..... Start.. //////////
1 2 3 4 5 6 7 8 9 
0 0 0 0 3 1 0 6 4 
0 6 4 0 0 7 0 2 3 
0 0 0 1 0 4 3 0 2 
1 4 0 2 0 3 0 0 0 
2 3 0 0 0 0 4 0 1 
0 0 0 3 1 0 2 4 0 
4 0 2 0 0 0 1 3 0 
3 0 1 5 2 0 6 0 0 
 ////////////.....End.....  //////////
//////////////////..... Start.. //////////
1 2 3 4 5 6 7 8 9 
0 0 0 0 3 1 0 6 4 
0 6 4 0 0 7 0 2 3 
0 0 0 1 0 4 3 0 2 
1 4 0 2 0 3 0 0 0 
2 3 0 6 0 0 4 0 1 
0 0 0 3 1 0 2 4 0 
4 0 2 0 0 0 1 3 0 
3 0 1 5 2 0 6 0 0 
 ////////////.....End.....  //////////
//////////////////..... Start.. //////////
1 2 3 4 5 6 7 8 9 
0 5 0 0 3 1 0 6 4 
0 6 4 0 0 7 0 2 3 
0 0 0 1 0 4 3 0 2 
1 4 0 2 0 3 0 0 0 
2 3 0 6 0 0 4 0 1 
0 0 0 3 1 0 2 4 0 
4 0 2 0 0 0 1 3 0 
3 0 1 5 2 0 6 0 0 
 ////////////.....End.....  //////////
//////////////////..... Start.. //////////
1 2 3 4 5 6 7 8 9 
0 5 0 0 3 1 0 6 4 
0 6 4 0 0 7 0 2 3 
0 0 0 1 0 4 3 0 2 
1 4 0 2 0 3 0 0 0 
2 3 0 6 0 0 4 0 1 
5 0 0 3 1 0 2 4 0 
4 0 2 0 0 0 1 3 0 
3 0 1 5 2 0 6 0 0 
 ////////////.....End.....  //////////
//////////////////..... Start.. //////////
1 2 3 4 5 6 7 8 9 
0 5 0 0 3 1 0 6 4 
0 6 4 0 0 7 0 2 3 
6 0 0 1 0 4 3 0 2 
1 4 0 2 0 3 0 0 0 
2 3 0 6 0 0 4 0 1 
5 0 0 3 1 0 2 4 0 
4 0 2 0 0 0 1 3 0 
3 0 1 5 2 0 6 0 0 
 ////////////.....End.....  //////////
//////////////////..... Start.. //////////
1 2 3 4 5 6 7 8 9 
0 5 7 0 3 1 0 6 4 
0 6 4 0 0 7 0 2 3 
6 0 0 1 0 4 3 0 2 
1 4 0 2 0 3 0 0 0 
2 3 0 6 0 0 4 0 1 
5 0 0 3 1 0 2 4 0 
4 0 2 0 0 0 1 3 0 
3 0 1 5 2 0 6 0 0 
 ////////////.....End.....  //////////
//////////////////..... Start.. //////////
1 2 3 4 5 6 7 8 9 
0 5 7 0 3 1 0 6 4 
0 6 4 0 0 7 0 2 3 
6 0 0 1 0 4 3 0 2 
1 4 0 2 0 3 0 0 0 
2 3 0 6 0 0 4 0 1 
5 0 0 3 1 0 2 4 0 
4 0 2 7 0 0 1 3 0 
3 0 1 5 2 0 6 0 0 
 ////////////.....End.....  //////////
//////////////////..... Start.. //////////
1 2 3 4 5 6 7 8 9 
0 5 7 0 3 1 0 6 4 
0 6 4 0 8 7 0 2 3 
6 0 0 1 0 4 3 0 2 
1 4 0 2 0 3 0 0 0 
2 3 0 6 0 0 4 0 1 
5 0 0 3 1 0 2 4 0 
4 0 2 7 0 0 1 3 0 
3 0 1 5 2 0 6 0 0 
 ////////////.....End.....  //////////
//////////////////..... Start.. //////////
1 2 3 4 5 6 7 8 9 
0 5 7 0 3 1 0 6 4 
0 6 4 0 8 7 0 2 3 
6 0 0 1 0 4 3 0 2 
1 4 0 2 0 3 0 0 0 
2 3 0 6 0 0 4 0 1 
5 0 0 3 1 0 2 4 0 
4 0 2 7 0 0 1 3 0 
3 0 1 5 2 0 6 0 0 
 ////////////.....End.....  //////////
//////////////////..... Start.. //////////
1 2 3 4 5 6 7 8 9 
0 5 7 0 3 1 0 6 4 
0 6 4 0 8 7 0 2 3 
6 0 0 1 0 4 3 0 2 
1 4 0 2 0 3 5 0 0 
2 3 0 6 0 0 4 0 1 
5 0 0 3 1 0 2 4 0 
4 0 2 7 0 0 1 3 0 
3 0 1 5 2 0 6 0 0 
 ////////////.....End.....  //////////
//////////////////..... Start.. //////////
1 2 3 4 5 6 7 8 9 
0 5 7 0 3 1 0 6 4 
0 6 4 0 8 7 0 2 3 
6 0 0 1 0 4 3 0 2 
1 4 0 2 0 3 5 0 6 
2 3 0 6 0 0 4 0 1 
5 0 0 3 1 0 2 4 0 
4 0 2 7 0 0 1 3 0 
3 0 1 5 2 0 6 0 0 
 ////////////.....End.....  //////////
//////////////////..... Start.. //////////
1 2 3 4 5 6 7 8 9 
0 5 7 0 3 1 0 6 4 
0 6 4 0 8 7 0 2 3 
6 0 0 1 0 4 3 0 2 
1 4 0 2 0 3 5 0 6 
2 3 0 6 0 0 4 0 1 
5 0 0 3 1 0 2 4 0 
4 0 2 7 0 0 1 3 0 
3 0 1 5 2 0 6 7 0 
 ////////////.....End.....  //////////
//////////////////..... Start.. //////////
1 2 3 4 5 6 7 8 9 
0 5 7 0 3 1 0 6 4 
0 6 4 0 8 7 0 2 3 
6 0 0 1 0 4 3 0 2 
1 4 0 2 0 3 5 0 6 
2 3 0 6 0 0 4 0 1 
5 0 0 3 1 0 2 4 0 
4 0 2 7 6 0 1 3 0 
3 0 1 5 2 0 6 7 0 
 ////////////.....End.....  //////////
//////////////////..... Start.. //////////
1 2 3 4 5 6 7 8 9 
0 5 7 0 3 1 0 6 4 
0 6 4 0 8 7 0 2 3 
6 0 0 1 0 4 3 0 2 
1 4 0 2 0 3 5 0 6 
2 3 0 6 0 5 4 0 1 
5 0 0 3 1 0 2 4 0 
4 0 2 7 6 0 1 3 0 
3 0 1 5 2 0 6 7 0 
 ////////////.....End.....  //////////
//////////////////..... Start.. //////////
1 2 3 4 5 6 7 8 9 
0 5 7 0 3 1 0 6 4 
0 6 4 0 8 7 0 2 3 
6 0 0 1 0 4 3 0 2 
1 4 0 2 0 3 5 0 6 
2 3 8 6 0 5 4 0 1 
5 0 0 3 1 0 2 4 0 
4 0 2 7 6 0 1 3 0 
3 0 1 5 2 0 6 7 0 
 ////////////.....End.....  //////////
//////////////////..... Start.. //////////
1 2 3 4 5 6 7 8 9 
0 5 7 0 3 1 0 6 4 
0 6 4 0 8 7 0 2 3 
6 0 0 1 0 4 3 0 2 
1 4 0 2 0 3 5 0 6 
2 3 8 6 0 5 4 0 1 
5 0 0 3 1 0 2 4 0 
4 8 2 7 6 0 1 3 0 
3 0 1 5 2 0 6 7 0 
 ////////////.....End.....  //////////
//////////////////..... Start.. //////////
1 2 3 4 5 6 7 8 9 
0 5 7 0 3 1 0 6 4 
0 6 4 0 8 7 0 2 3 
6 0 0 1 0 4 3 0 2 
1 4 0 2 0 3 5 0 6 
2 3 8 6 0 5 4 0 1 
5 0 0 3 1 0 2 4 0 
4 8 2 7 6 0 1 3 0 
3 9 1 5 2 0 6 7 0 
 ////////////.....End.....  //////////
//////////////////..... Start.. //////////
1 2 3 4 5 6 7 8 9 
0 5 7 0 3 1 0 6 4 
0 6 4 0 8 7 0 2 3 
6 0 0 1 0 4 3 0 2 
1 4 9 2 0 3 5 0 6 
2 3 8 6 0 5 4 0 1 
5 0 0 3 1 0 2 4 0 
4 8 2 7 6 0 1 3 0 
3 9 1 5 2 0 6 7 0 
 ////////////.....End.....  //////////
//////////////////..... Start.. //////////
1 2 3 4 5 6 7 8 9 
0 5 7 0 3 1 0 6 4 
0 6 4 0 8 7 0 2 3 
6 0 0 1 7 4 3 0 2 
1 4 9 2 0 3 5 0 6 
2 3 8 6 0 5 4 0 1 
5 0 0 3 1 0 2 4 0 
4 8 2 7 6 0 1 3 0 
3 9 1 5 2 0 6 7 0 
 ////////////.....End.....  //////////
//////////////////..... Start.. //////////
1 2 3 4 5 6 7 8 9 
0 5 7 0 3 1 0 6 4 
0 6 4 0 8 7 0 2 3 
6 0 0 1 7 4 3 0 2 
1 4 9 2 0 3 5 0 6 
2 3 8 6 0 5 4 0 1 
5 0 0 3 1 0 2 4 8 
4 8 2 7 6 0 1 3 0 
3 9 1 5 2 0 6 7 0 
 ////////////.....End.....  //////////
//////////////////..... Start.. //////////
1 2 3 4 5 6 7 8 9 
0 5 7 0 3 1 0 6 4 
0 6 4 0 8 7 0 2 3 
6 0 0 1 7 4 3 0 2 
1 4 9 2 0 3 5 0 6 
2 3 8 6 0 5 4 0 1 
5 0 0 3 1 9 2 4 8 
4 8 2 7 6 0 1 3 0 
3 9 1 5 2 0 6 7 0 
 ////////////.....End.....  //////////
//////////////////..... Start.. //////////
1 2 3 4 5 6 7 8 9 
0 5 7 0 3 1 0 6 4 
0 6 4 0 8 7 0 2 3 
6 0 0 1 7 4 3 9 2 
1 4 9 2 0 3 5 0 6 
2 3 8 6 0 5 4 0 1 
5 0 0 3 1 9 2 4 8 
4 8 2 7 6 0 1 3 0 
3 9 1 5 2 0 6 7 0 
 ////////////.....End.....  //////////
//////////////////..... Start.. //////////
1 2 3 4 5 6 7 8 9 
8 5 7 0 3 1 0 6 4 
0 6 4 0 8 7 0 2 3 
6 0 0 1 7 4 3 9 2 
1 4 9 2 0 3 5 0 6 
2 3 8 6 0 5 4 0 1 
5 0 0 3 1 9 2 4 8 
4 8 2 7 6 0 1 3 0 
3 9 1 5 2 0 6 7 0 
 ////////////.....End.....  //////////
//////////////////..... Start.. //////////
1 2 3 4 5 6 7 8 9 
8 5 7 0 3 1 0 6 4 
0 6 4 0 8 7 0 2 3 
6 0 0 1 7 4 3 9 2 
1 4 9 2 0 3 5 0 6 
2 3 8 6 0 5 4 0 1 
5 0 0 3 1 9 2 4 8 
4 8 2 7 6 0 1 3 0 
3 9 1 5 2 0 6 7 0 
 ////////////.....End.....  //////////
//////////////////..... Start.. //////////
1 2 3 4 5 6 7 8 9 
8 5 7 0 3 1 0 6 4 
0 6 4 9 8 7 0 2 3 
6 0 0 1 7 4 3 9 2 
1 4 9 2 0 3 5 0 6 
2 3 8 6 0 5 4 0 1 
5 0 0 3 1 9 2 4 8 
4 8 2 7 6 0 1 3 0 
3 9 1 5 2 0 6 7 0 
 ////////////.....End.....  //////////
//////////////////..... Start.. //////////
1 2 3 4 5 6 7 8 9 
8 5 7 0 3 1 0 6 4 
0 6 4 9 8 7 0 2 3 
6 0 0 1 7 4 3 9 2 
1 4 9 2 0 3 5 0 6 
2 3 8 6 0 5 4 0 1 
5 0 0 3 1 9 2 4 8 
4 8 2 7 6 0 1 3 0 
3 9 1 5 2 0 6 7 0 
 ////////////.....End.....  //////////
//////////////////..... Start.. //////////
1 2 3 4 5 6 7 8 9 
8 5 7 0 3 1 0 6 4 
0 6 4 9 8 7 0 2 3 
6 0 0 1 7 4 3 9 2 
1 4 9 2 0 3 5 0 6 
2 3 8 6 0 5 4 0 1 
5 0 0 3 1 9 2 4 8 
4 8 2 7 6 0 1 3 0 
3 9 1 5 2 0 6 7 0 
 ////////////.....End.....  //////////
//////////////////..... Start.. //////////
1 2 3 4 5 6 7 8 9 
8 5 7 0 3 1 0 6 4 
0 6 4 9 8 7 0 2 3 
6 0 0 1 7 4 3 9 2 
1 4 9 2 0 3 5 0 6 
2 3 8 6 0 5 4 0 1 
5 0 0 3 1 9 2 4 8 
4 8 2 7 6 0 1 3 0 
3 9 1 5 2 0 6 7 0 
 ////////////.....End.....  //////////
//////////////////..... Start.. //////////
1 2 3 4 5 6 7 8 9 
8 5 7 0 3 1 0 6 4 
0 6 4 9 8 7 0 2 3 
6 0 0 1 7 4 3 9 2 
1 4 9 2 0 3 5 0 6 
2 3 8 6 0 5 4 0 1 
5 0 0 3 1 9 2 4 8 
4 8 2 7 6 0 1 3 0 
3 9 1 5 2 0 6 7 0 
 ////////////.....End.....  //////////
//////////////////..... Start.. //////////
1 2 3 4 5 6 7 8 9 
8 5 7 0 3 1 0 6 4 
0 6 4 9 8 7 0 2 3 
6 0 0 1 7 4 3 9 2 
1 4 9 2 0 3 5 0 6 
2 3 8 6 9 5 4 0 1 
5 0 0 3 1 9 2 4 8 
4 8 2 7 6 0 1 3 0 
3 9 1 5 2 0 6 7 0 
 ////////////.....End.....  //////////
//////////////////..... Start.. //////////
1 2 3 4 5 6 7 8 9 
8 5 7 0 3 1 0 6 4 
0 6 4 9 8 7 0 2 3 
6 0 0 1 7 4 3 9 2 
1 4 9 2 0 3 5 0 6 
2 3 8 6 9 5 4 0 1 
5 7 0 3 1 9 2 4 8 
4 8 2 7 6 0 1 3 0 
3 9 1 5 2 0 6 7 0 
 ////////////.....End.....  //////////
//////////////////..... Start.. //////////
1 2 3 4 5 6 7 8 9 
8 5 7 0 3 1 0 6 4 
0 6 4 9 8 7 0 2 3 
6 0 5 1 7 4 3 9 2 
1 4 9 2 0 3 5 0 6 
2 3 8 6 9 5 4 0 1 
5 7 0 3 1 9 2 4 8 
4 8 2 7 6 0 1 3 0 
3 9 1 5 2 0 6 7 0 
 ////////////.....End.....  //////////
//////////////////..... Start.. //////////
1 2 3 4 5 6 7 8 9 
8 5 7 0 3 1 0 6 4 
0 6 4 9 8 7 0 2 3 
6 0 5 1 7 4 3 9 2 
1 4 9 2 0 3 5 0 6 
2 3 8 6 9 5 4 0 1 
5 7 0 3 1 9 2 4 8 
4 8 2 7 6 0 1 3 5 
3 9 1 5 2 0 6 7 0 
 ////////////.....End.....  //////////
//////////////////..... Start.. //////////
1 2 3 4 5 6 7 8 9 
8 5 7 0 3 1 0 6 4 
0 6 4 9 8 7 0 2 3 
6 0 5 1 7 4 3 9 2 
1 4 9 2 0 3 5 0 6 
2 3 8 6 9 5 4 0 1 
5 7 0 3 1 9 2 4 8 
4 8 2 7 6 0 1 3 5 
3 9 1 5 2 8 6 7 0 
 ////////////.....End.....  //////////
//////////////////..... Start.. //////////
1 2 3 4 5 6 7 8 9 
8 5 7 0 3 1 0 6 4 
0 6 4 9 8 7 0 2 3 
6 0 5 1 7 4 3 9 2 
1 4 9 2 0 3 5 0 6 
2 3 8 6 9 5 4 0 1 
5 7 0 3 1 9 2 4 8 
4 8 2 7 6 0 1 3 5 
3 9 1 5 2 8 6 7 0 
 ////////////.....End.....  //////////
//////////////////..... Start.. //////////
1 2 3 4 5 6 7 8 9 
8 5 7 0 3 1 0 6 4 
0 6 4 9 8 7 0 2 3 
6 0 5 1 7 4 3 9 2 
1 4 9 2 0 3 5 0 6 
2 3 8 6 9 5 4 0 1 
5 7 0 3 1 9 2 4 8 
4 8 2 7 6 0 1 3 5 
3 9 1 5 2 8 6 7 0 
 ////////////.....End.....  //////////
//////////////////..... Start.. //////////
1 2 3 4 5 6 7 8 9 
8 5 7 0 3 1 0 6 4 
0 6 4 9 8 7 0 2 3 
6 0 5 1 7 4 3 9 2 
1 4 9 2 0 3 5 0 6 
2 3 8 6 9 5 4 0 1 
5 7 6 3 1 9 2 4 8 
4 8 2 7 6 0 1 3 5 
3 9 1 5 2 8 6 7 0 
 ////////////.....End.....  //////////
//////////////////..... Start.. //////////
1 2 3 4 5 6 7 8 9 
8 5 7 0 3 1 0 6 4 
0 6 4 9 8 7 0 2 3 
6 0 5 1 7 4 3 9 2 
1 4 9 2 0 3 5 0 6 
2 3 8 6 9 5 4 0 1 
5 7 6 3 1 9 2 4 8 
4 8 2 7 6 0 1 3 5 
3 9 1 5 2 8 6 7 0 
 ////////////.....End.....  //////////
//////////////////..... Start.. //////////
1 2 3 4 5 6 7 8 9 
8 5 7 0 3 1 0 6 4 
0 6 4 9 8 7 0 2 3 
6 0 5 1 7 4 3 9 2 
1 4 9 2 0 3 5 0 6 
2 3 8 6 9 5 4 0 1 
5 7 6 3 1 9 2 4 8 
4 8 2 7 6 0 1 3 5 
3 9 1 5 2 8 6 7 0 
 ////////////.....End.....  //////////
//////////////////..... Start.. //////////
1 2 3 4 5 6 7 8 9 
8 5 7 0 3 1 0 6 4 
0 6 4 9 8 7 0 2 3 
6 0 5 1 7 4 3 9 2 
1 4 9 2 0 3 5 0 6 
2 3 8 6 9 5 4 0 1 
5 7 6 3 1 9 2 4 8 
4 8 2 7 6 0 1 3 5 
3 9 1 5 2 8 6 7 0 
 ////////////.....End.....  //////////
//////////////////..... Start.. //////////
1 2 3 4 5 6 7 8 9 
8 5 7 0 3 1 0 6 4 
0 6 4 9 8 7 0 2 3 
6 0 5 1 7 4 3 9 2 
1 4 9 2 0 3 5 0 6 
2 3 8 6 9 5 4 0 1 
5 7 6 3 1 9 2 4 8 
4 8 2 7 6 0 1 3 5 
3 9 1 5 2 8 6 7 0 
 ////////////.....End.....  //////////
//////////////////..... Start.. //////////
1 2 3 4 5 6 7 8 9 
8 5 7 0 3 1 0 6 4 
0 6 4 9 8 7 0 2 3 
6 0 5 1 7 4 3 9 2 
1 4 9 2 0 3 5 0 6 
2 3 8 6 9 5 4 0 1 
5 7 6 3 1 9 2 4 8 
4 8 2 7 6 0 1 3 5 
3 9 1 5 2 8 6 7 0 
 ////////////.....End.....  //////////
//////////////////..... Start.. //////////
1 2 3 4 5 6 7 8 9 
8 5 7 0 3 1 0 6 4 
0 6 4 9 8 7 0 2 3 
6 0 5 1 7 4 3 9 2 
1 4 9 2 0 3 5 0 6 
2 3 8 6 9 5 4 0 1 
5 7 6 3 1 9 2 4 8 
4 8 2 7 6 0 1 3 5 
3 9 1 5 2 8 6 7 0 
 ////////////.....End.....  //////////
//////////////////..... Start.. //////////
0 1 0 0 
0 2 0 1 
2 0 0 0 
1 0 2 0 
 ////////////.....End.....  //////////
//////////////////..... Start.. //////////
0 1 0 3 
3 2 0 1 
2 0 3 0 
1 0 2 0 
 ////////////.....End.....  //////////
//////////////////..... Start.. //////////
0 1 4 3 
3 2 0 1 
2 0 3 4 
1 0 2 0 
 ////////////.....End.....  //////////
//////////////////..... Start.. //////////
0 1 4 3 
3 2 0 1 
2 0 3 4 
1 3 2 0 
 ////////////.....End.....  //////////
//////////////////..... Start.. //////////
0 1 4 3 
3 2 0 1 
2 0 3 4 
1 3 2 0 
 ////////////.....End.....  //////////
//////////////////..... Start.. //////////
0 1 4 3 
3 2 0 1 
2 0 3 4 
1 3 2 0 
 ////////////.....End.....  //////////
//////////////////..... Start.. //////////
0 1 4 3 
3 2 0 1 
2 0 3 4 
1 3 2 0 
 ////////////.....End.....  //////////
//////////////////..... Start.. //////////
0 1 4 3 
3 2 0 1 
2 0 3 4 
1 3 2 0 
 ////////////.....End.....  //////////
//////////////////..... Start.. //////////
0 1 0 0 
0 2 0 1 
2 0 0 0 
1 0 2 0 
 ////////////.....End.....  //////////
//////////////////..... Start.. //////////
0 1 0 3 
3 2 0 1 
2 0 3 0 
1 0 2 0 
 ////////////.....End.....  //////////
//////////////////..... Start.. //////////
0 1 4 3 
3 2 0 1 
2 0 3 4 
1 0 2 0 
 ////////////.....End.....  //////////
//////////////////..... Start.. //////////
0 1 4 3 
3 2 0 1 
2 0 3 4 
1 3 2 0 
 ////////////.....End.....  //////////
//////////////////..... Start.. //////////
0 1 4 3 
3 2 0 1 
2 0 3 4 
1 3 2 0 
 ////////////.....End.....  //////////
//////////////////..... Start.. //////////
0 1 4 3 
3 2 0 1 
2 0 3 4 
1 3 2 0 
 ////////////.....End.....  //////////
//////////////////..... Start.. //////////
0 1 4 3 
3 2 0 1 
2 0 3 4 
1 3 2 0 
 ////////////.....End.....  //////////
//////////////////..... Start.. //////////
0 1 4 3 
3 2 0 1 
2 0 3 4 
1 3 2 0 
 ////////////.....End.....  //////////
//////////////////..... Start.. //////////
0 1 0 0 
0 2 0 1 
2 0 0 0 
1 0 2 0 
 ////////////.....End.....  //////////
//////////////////..... Start.. //////////
0 1 0 3 
3 2 0 1 
2 0 3 0 
1 0 2 0 
 ////////////.....End.....  //////////
//////////////////..... Start.. //////////
0 1 4 3 
3 2 0 1 
2 0 3 4 
1 0 2 0 
 ////////////.....End.....  //////////
//////////////////..... Start.. //////////
0 1 4 3 
3 2 0 1 
2 0 3 4 
1 3 2 0 
 ////////////.....End.....  //////////
//////////////////..... Start.. //////////
0 1 4 3 
3 2 0 1 
2 0 3 4 
1 3 2 0 
 ////////////.....End.....  //////////
//////////////////..... Start.. //////////
0 1 4 3 
3 2 0 1 
2 0 3 4 
1 3 2 0 
 ////////////.....End.....  //////////
//////////////////..... Start.. //////////
0 1 4 3 
3 2 0 1 
2 0 3 4 
1 3 2 0 
 ////////////.....End.....  //////////
//////////////////..... Start.. //////////
0 1 4 3 
3 2 0 1 
2 0 3 4 
1 3 2 0 
 ////////////.....End.....  //////////
